0 40 -34 -37 -5 10 -69 -52 -83 -140 -143 -265 -247 -263 -259 -172 -263 -248 -329 -338 -349 -401 -325 -330 -337 -351 -313 -313 -356 -243 -252 -250 -271 -241 -254 -213 -201 -91 -57 -100 -56 -8 -72 -60 -4 25 78 125 205 310 232 228 253 189 199 140 102 108 101 191
153 129 210 231 230 267 211 263 253 197 220 231 256 183 277 375 422 521 533 471 469 455 357 196 96 -136 -72 -45 -71 -72 -151 -124 -169 -272 -291 -369 -356 -339 -289 -298 -248 -160 -155 -178 -127 -122 -84 -108 -187 -146 -67 -14 -22 -84 -108 30 21 66 119 182
195 264 266 192 214 194 313 340 380 322 349 406 330 264 298 327 260 326 410 400 426 381 397 382 426 235 75 -6 -189 -218 -307 -236 -203 -72 121 248 381 363 346 366 306 340 287 305 218 178 221 193 147 44 55 139 149 83 99 18 82 30 -35 45
34 5 -7 4 -76 -75 -59 -115 -83 -19 -6 17 67 104 42 97 132 29 41 50 19 63 87 45 102 91 127 132 132 135 219 246 261 326 240 189 189 134 114 130 216 177 203 226 220 163 116 29 -58 -86 -114 -110 -47 4 108 65 108 211 307 331
342 379 306 359 300 366 395 273 284 266 232 168 138 122 154 139 12 104 62 -29 -47 -84 -189 -254 -175 -141 -99 -83 -118 -106 -135 -94 98 217 392 475 593 597 623 608 535 488 395 343 303 350 356 286 244 200 202 223 202 173 244 237 202 279 340 357
365 449 430 500 555 569 539 551 409 301 268 267 226 229 236 244 345 352 460 627 586 565 517 460 513 507 465 507 487 439 416 352 358 321 343 370 337 293 212 254 222 233 272 200 155 113 20 76 50 -47 8 30 74 106 195 211 230 161 266 380
374 315 185 120 125 151 158 227 208 263 242 246 265 311 271 283 253 259 263 282 346 301 295 405 432 503 522 534 681 657 666 631 627 545 487 555 619 591 666 710 752 753 784 810 788 801 788 887 826 789 783 789 783 743 747 747 791 856 844 971
938 956 1078 1075 1167 1195 1177 1220 1271 1313 1326 1323 1356 1428 1572 1693 1750 1831 1933 1929 1905 1865 1772 1716 1561 1602 1552 1541 1559 1556 1579 1522 1480 1526 1578 1546 1577 1543 1468 1535 1548 1600 1616 1604 1662 1644 1674 1753 1741 1780 1780 1773 1652 1662 1697 1695 1647 1586 1455 1450
1461 1476 1393 1204 1086 1030 996 1017 1065 1023 1186 1350 1485 1648 1617 1590 1547 1566 1561 1515 1448 1483 1465 1396 1343 1383 1349 1381 1441 1369 1419 1479 1497 1501 1478 1457 1421 1428 1427 1376 1376 1336 1304 1304 1427 1416 1387 1395 1436 1497 1580 1628 1683 1729 1829 1841 1811 1831 1830 1884
1891 1966 2049 1975 2007 2002 1984 2075 1961 1967 1958 1952 1960 2032 2037 2080 2110 2110 1977 1952 2030 2124 2179 2206 2195 2290 2294 2358 2298 2384 2378 2388 2401 2429 2423 2411 2383 2369 2335 2276 2239 2197 2210 2197 2169 2103 2134 2139 2078 2077 2147 2195 2202 2251 2334 2314 2352 2364 2395 2413
2463 2456 2471 2484 2473 2440 2542 2581 2575 2597 2659 2712 2764 2729 2764 2769 2759 2767 2791 2771 2689 2726 2690 2622 2641 2666 2654 2579 2620 2656 2737 2723 2807 2889 2898 2952 2900 3027 3053 3043 3005 3037 3106 3022 3044 3045 3084 3159 3263 3412 3408 3407 3481 3480 3492 3512 3438 3330 3227 3204
3141 3241 3205 3285 3277 3228 3120 3167 3153 3201 3146 3094 2992 2999 3036 3005 3113 3114 3063 3032 3124 3195 3290 3258 3282 3254 3238 3218 3283 3350 3388 3388 3443 3417 3411 3473 3400 3323 3146 3106 3025 2971 2931 2967 3035 3058 3197 3278 3305 3467 3448 3486 3470 3428 3412 3364 3421 3500 3459 3617
3566 3504 3507 3386 3390 3378 3336 3322 3295 3350 3448 3464 3527 3523 3472 3459 3378 3319 3298 3327 3265 3255 3240 3392 3351 3395 3435 3445 3538 3632 3676 3713 3707 3728 3777 3874 3899 3946 3942 3997 3944 3910 3983 4025 3960 3963 3990 3937 3967 3989 3970 4098 4135 4085 4080 4148 4200 4166 4110 4040
4036 4014 4019 4068 4094 4092 4130 4144 4156 4065 4034 4101 4109 4148 4189 4125 4143 4101 4084 4123 4228 4206 4208 4101 4118 4128 4052 4014 4002 4045 4147 4072 4197 4177 4185 4316 4418 4524 4657 4771 4783 4838 4689 4601 4489 4465 4370 4322 4269 4203 4160 4099 4071 4097 4176 4149 4131 4146 4209 4199
4118 4149 4203 4135 4229 4228 4181 4248 4222 4315 4308 4259 4227 4282 4341 4344 4471 4468 4387 4300 4339 4388 4392 4442 4485 4481 4522 4511 4558 4533 4482 4476 4518 4485 4533 4534 4523 4498 4530 4516 4585 4668 4715 4704 4688 4697 4563 4437 4381 4306 4293 4325 4404 4507 4657 4741 4867 4996 4988 4933
4935 5004 4942 4945 4948 5034 5067 5179 5146 5124 5153 5163 5158 5162 5126 5138 5091 5144 5131 5145 5201 5190 5185 5151 5139 5149 5235 5351 5418 5448 5423 5512 5432 5506 5571 5576 5548 5481 5464 5465 5504 5479 5475 5413 5362 5335 5344 5383 5461 5523 5564 5558 5436 5485 5550 5611 5556 5631 5684 5654
5651 5637 5601 5607 5685 5624 5789 5905 5957 6063 6134 6194 6183 6152 6112 6038 5916 5774 5810 5765 5817 5780 5822 5902 5827 5754 5739 5668 5651 5688 5628 5626 5673 5681 5622 5747 5683 5698 5684 5767 5815 5814 5896 5897 6007 6080 6056 6042 6030 6091 6077 6077 6091 6147 6142 6150 6239 6257 6180 6186
6121 6104 6150 6116 6152 6314 6338 6376 6303 6319 6326 6279 6193 6114 6032 6001 5977 5935 5967 5991 6058 6182 6303 6382 6396 6467 6437 6466 6490 6495 6496 6497 6474 6330 6294 6349 6290 6253 6208 6242 6277 6200 6183 6284 6244 6106 6119 6141 6180 6155 6146 6251 6196 6115 6224 6201 6217 6298 6268 6291
6422 6497 6534 6508 6563 6448 6484 6507 6504 6497 6468 6500 6519 6544 6552 6506 6524 6515 6632 6640 6612 6685 6739 6724 6735 6830 6831 6939 6880 6908 6946 6947 6938 6878 6859 6903 6983 6955 6955 6912 6823 6916 6933 6926 6897 6884 6899 6905 6877 6878 6894 6978 7036 6968 6944 7002 6991 7001 6895 6845
6852 6848 7013 6983 6997 7081 7103 7096 7000 7063 7120 7148 7129 7164 7205 7208 7284 7287 7422 7502 7578 7602 7630 7724 7743 7650 7624 7445 7378 7290 7257 7302 7396 7396 7326 7351 7370 7401 7355 7304 7335 7280 7252 7336 7292 7320 7314 7282 7385 7446 7488 7485 7517 7555 7472 7413 7432 7434 7441 7393
7413 7477 7472 7504 7494 7462 7563 7629 7591 7605 7598 7598 7560 7569 7561 7585 7597 7627 7538 7573 7524 7575 7534 7514 7441 7325 7220 7126 7031 7053 7058 7133 7237 7333 7504 7650 7858 7841 7851 7903 7973 7899 8017 7974 8032 8083 8206 8234 8149 8069 8028 8064 8011 8039 8041 8011 8019 8038 8148 8201
8207 8237 8317 8279 8203 8138 8113 8117 8203 8199 8181 8114 8238 8118 8216 8214 8207 8190 8192 8198 8197 8226 8238 8282 8225 8161 8181 8161 8257 8354 8273 8237 8223 8239 8261 8305 8321 8334 8377 8368 8434 8396 8346 8371 8353 8261 8181 8162 8218 8243 8268 8329 8379 8448 8457 8480 8474 8415 8418 8428
8373 8465 8401 8363 8293 8277 8307 8333 8454 8504 8585 8564 8647 8674 8627 8592 8558 8482 8340 8180 8177 8202 8200 8312 8421 8466 8451 8492 8460 8520 8530 8526 8598 8564 8611 8603 8627 8693 8664 8594 8628 8693 8727 8720 8742 8776 8768 8742 8882 8895 8844 8969 9012 8992 8933 8973 8984 8987 8941 8924
8962 8940 8998 9112 9127 9174 9149 9168 9190 9135 9173 9143 9149 9108 9210 9141 9175 9131 9122 9147 9081 9081 9059 9160 8982 8882 8823 8675 8600 8638 8670 8819 8999 9118 9243 9432 9452 9443 9545 9545 9549 9492 9514 9508 9482 9460 9440 9418 9498 9468 9459 9374 9348 9329 9423 9442 9560 9509 9479 9499
9460 9450 9566 9626 9627 9627 9654 9635 9656 9700 9713 9642 9621 9601 9683 9696 9719 9729 9701 9691 9652 9675 9641 9700 9680 9601 9569 9578 9618 9677 9619 9662 9647 9696 9689 9693 9759 9772 9787 9823 9670 9678 9684 9650 9648 9752 9788 9823 9902 9943 10027 9985 9998 10016 9964 9849 9905 9912 9943 10013
10026 10006 10010 10013 9973 9968 9945 9966 9974 10015 9941 9938 9993 9977 10030 9936 9859 9846 9823 9792 9816 9808 9875 9821 9892 9905 9912 9855 9841 9835 9838 9848 9917 9923 10096 10158 10323 10411 10360 10359 10372 10271 10282 10186 10088 10044 10047 10075 10078 10079 9994 9924 9961 9931 9951 9951 9937 9990 9977 9967
9986 10104 10078 10056 10017 9964 9999 10084 10045 10007 9996 9937 9994 10036 10023 9975 9963 9972 9940 9964 9935 9981 9981 10028 10127 10195 10264 10314 10234 10252 10224 10233 10311 10324 10359 10236 10322 10277 10153 10071 10045 10092 10135 10169 10347 10364 10455 10488 10526 10600 10583 10577 10582 10502 10502 10449 10557 10566 10642 10691
10748 10808 10771 10777 10702 10624 10635 10693 10746 10791 10788 10751 10761 10759 10708 10717 10572 10551 10613 10670 10744 10670 10692 10715 10716 10666 10681 10670 10696 10688 10699 10705 10703 10779 10800 10789 10826 10842 10809 10833 10887 10867 10915 10905 10879 10849 10901 10987 10929 10948 10904 10955 10969 11145 11193 11220 11192 11229 11225 11177
11218 11129 11157 11088 11242 11305 11417 11432 11498 11562 11582 11545 11537 11378 11228 10997 11027 11041 11019 10990 11009 11031 11064 11088 11092 11066 11003 11022 11018 11029 11013 11115 11110 11160 11136 11090 11069 10968 10950 10917 10982 10991 10954 10868 10857 10849 10896 10919 10927 10949 10956 10985 11047 11058 11062 11093 11093 11130 11083 11113
11146 11087 11072 10985 11010 11102 11089 11063 10964 10945 10900 10849 10835 10856 10829 10793 10891 10896 10909 10823 10807 10864 10841 10832 10832 10844 10854 10849 10795 10831 10978 10957 10945 10962 10724 10629 10496 10478 10383 10359 10393 10413 10502 10510 10598 10777 10815 10866 10812 10862 10868 10922 10835 10832 10852 10894 10889 10903 10869 10902
10840 10813 10837 10903 10893 10928 10953 10850 10876 10835 10876 10928 10909 10926 10944 10899 10832 10727 10769 10716 10677 10599 10695 10740 10699 10806 10800 10782 10769 10747 10719 10820 10758 10691 10623 10673 10667 10584 10581 10598 10549 10526 10542 10472 10494 10538 10574 10521 10484 10523 10524 10554 10597 10522 10584 10606 10646 10679 10717 10783
10817 10832 10815 10795 10780 10773 10773 10773 10714 10771 10884 10908 10965 10945 10971 10892 10828 10798 10881 11029 11065 11075 11037 11100 11153 11074 11077 10926 10971 11129 11279 11383 11448 11507 11430 11427 11391 11213 11131 10995 10955 11087 11127 11119 11175 11214 11206 11262 11286 11319 11267 11198 11188 11123 11113 11110 11181 11175 11279 11311
11385 11378 11320 11283 11259 11300 11328 11359 11432 11394 11324 11218 11160 11183 11115 11001 11003 10975 10938 10942 10893 10938 10940 10903 11009 11004 10996 11001 10965 10938 10895 10914 10973 10921 10947 10963 10933 10960 10804 10782 10786 10836 10814 10868 10871 10952 10978 11087 11236 11193 11206 11203 11272 11200 11215 11216 11218 11245 11217 11205
11155 11165 11208 11290 11329 11309 11232 11268 11248 11314 11345 11330 11303 11362 11453 11396 11346 11413 11378 11369 11396 11361 11468 11452 11515 11460 11474 11564 11533 11582 11649 11524 11510 11644 11660 11654 11681 11648 11615 11596 11668 11668 11706 11646 11727 11740 11721 11670 11585 11549 11555 11428 11466 11491 11452 11461 11548 11543 11457 11456
11428 11469 11518 11500 11478 11496 11524 11473 11464 11501 11517 11478 11534 11453 11406 11422 11459 11351 11367 11432 11426 11446 11495 11452 11435 11464 11526 11464 11556 11487 11505 11566 11589 11539 11472 11362 11335 11367 11467 11550 11650 11749 11730 11717 11626 11560 11478 11326 11198 11030 11017 10999 11022 11010 11076 11065 11106 11139 11046 11054
11110 11100 11101 11153 11137 11140 11080 11142 11128 11122 11140 11077 11063 11070 11117 11167 11150 11146 11223 11271 11223 11159 11177 11187 11214 11228 11228 11260 11354 11340 11411 11347 11405 11445 11487 11456 11282 11165 11095 10901 10866 10797 10776 10819 10908 11035 11035 11209 11247 11272 11284 11236 11297 11295 11255 11277 11284 11241 11310 11305
11250 11238 11163 11190 11237 11286 11261 11271 11338 11327 11317 11293 11289 11207 11161 11125 11203 11190 11324 11352 11400 11311 11330 11304 11299 11252 11299 11198 11192 11225 11178 11163 11168 11219 11264 11289 11382 11414 11445 11440 11458 11539 11542 11502 11515 11400 11516 11580 11571 11532 11425 11399 11454 11412 11405 11461 11526 11591 11577 11577
11588 11551 11583 11617 11604 11600 11596 11535 11526 11484 11492 11492 11533 11500 11447 11375 11374 11316 11400 11450 11467 11604 11732 11884 11928 11945 11963 11910 11892 11854 11734 11683 11626 11727 11843 11887 11941 11848 11813 11798 11806 11808 11751 11802 11795 11842 11885 11861 11862 11882 11887 11860 11863 11789 11774 11815 11855 11775 11825 11772
11720 11662 11588 11651 11651 11662 11732 11691 11705 11741 11730 11647 11627 11550 11464 11331 11359 11400 11360 11301 11367 11392 11506 11588 11710 11795 11786 11793 11810 11751 11741 11725 11730 11596 11664 11664 11629 11692 11723 11685 11674 11646 11646 11655 11705 11700 11677 11610 11669 11649 11671 11741 11788 11646 11604 11739 11687 11654 11686 11784
11824 11818 11842 11797 11701 11638 11688 11806 11729 11727 11849 11878 11926 11923 12022 12062 12027 11930 11887 11856 11876 11879 11954 11937 11932 11932 11914 11856 11861 11754 11795 11858 11886 12042 12062 12141 12098 12226 12210 12226 12253 12336 12280 12273 12240 12227 12197 12175 12288 12288 12286 12231 12206 12184 12261 12202 12205 12228 12308 12343
12344 12400 12336 12339 12391 12405 12482 12434 12462 12445 12496 12520 12512 12424 12401 12465 12458 12415 12415 12407 12437 12452 12358 12275 12263 12255 12268 12219 12226 12313 12369 12342 12254 12216 12173 12348 12507 12609 12615 12690 12716 12636 12627 12573 12427 12384 12381 12393 12352 12272 12128 12068 12090 12104 12128 12140 12122 12092 12132 12148
12092 12099 12068 12120 12114 12179 12286 12264 12303 12315 12373 12376 12310 12181 12058 12035 12007 12085 12084 12143 12270 12262 12376 12564 12634 12675 12709 12728 12781 12790 12809 12846 12853 12822 12910 12880 12889 12911 12824 12836 12853 12759 12793 12776 12781 12819 12825 12915 13038 13073 13110 13176 13199 13195 13291 13261 13226 13225 13282 13220
13174 13221 13233 13275 13296 13303 13348 13299 13307 13368 13335 13332 13343 13399 13393 13414 13428 13487 13531 13504 13432 13455 13443 13432 13466 13410 13410 13403 13336 13340 13363 13231 13180 13187 13156 13135 13079 13056 13070 13088 13086 13051 12968 12932 12952 12988 13056 13112 13129 13138 13069 13030 12995 12977 12951 13000 12870 12930 13023 13053
13021 13104 13111 13088 13098 13147 13180 13218 13206 13151 13151 13126 13176 13163 13162 13224 13433 13500 13639 13766 13802 13750 13682 13689 13629 13538 13375 13238 13225 13356 13372 13352 13412 13426 13455 13483 13491 13429 13481 13456 13468 13422 13495 13442 13424 13414 13435 13388 13429 13429 13424 13535 13570 13489 13515 13498 13437 13453 13436 13436
13436 13497 13455 13474 13404 13429 13447 13410 13407 13494 13497 13460 13283 13173 13040 12982 12949 12954 12858 12969 13151 13182 13282 13309 13222 13280 13258 13255 13248 13264 13283 13194 13189 13202 13307 13307 13303 13227 13177 13173 13140 13172 13123 13074 13089 13089 13075 13090 13086 13021 12985 12973 12895 12870 12810 12816 12867 12878 12886 12903
12950 12947 12976 12956 13017 13050 13096 13089 13128 13137 13082 13097 13147 13255 13295 13330 13352 13343 13310 13399 13356 13336 13309 13359 13350 13369 13382 13372 13395 13358 13421 13467 13465 13399 13432 13538 13498 13498 13523 13530 13593 13632 13657 13593 13652 13628 13564 13558 13569 13598 13591 13619 13679 13731 13759 13743 13809 13844 13826 13786
13865 13941 13923 13983 14028 14187 14287 14396 14509 14682 14758 14742 14683 14632 14630 14419 14324 14309 14201 14124 14143 14194 14167 14168 14152 14193 14177 14144 14193 14136 14194 14151 14218 14196 14208 14176 14122 14249 14216 14161 14196 14131 14169 14174 14200 14200 14265 14292 14216 14154 14140 14135 14159 14128 14114 14105 14106 14150 14161 14191
14126 14178 14179 14158 14114 14148 14149 14186 14104 14093 14047 14027 13983 14028 14048 14121 14093 14131 14143 14053 14119 14116 14164 14128 14214 14194 14283 14325 14313 14317 14271 14305 14220 14198 14219 14286 14221 14224 14142 13956 13837 13746 13723 13687 13708 13798 13879 14022 14223 14396 14370 14404 14343 14327 14320 14442 14439 14444 14483 14497
14528 14581 14549 14568 14565 14478 14537 14523 14511 14379 14395 14439 14388 14395 14440 14476 14442 14457 14448 14387 14332 14387 14376 14351 14369 14351 14400 14375 14269 14259 14246 14254 14249 14260 14293 14339 14391 14371 14211 14265 14232 14233 14228 14291 14378 14388 14383 14307 14364 14415 14477 14513 14511 14477 14488 14488 14443 14456 14411 14491
14545 14555 14574 14691 14681 14669 14625 14567 14537 14506 14503 14459 14469 14500 14579 14559 14553 14524 14580 14559 14571 14625 14569 14571 14540 14587 14527 14548 14553 14481 14473 14488 14517 14531 14658 14807 14866 14925 15001 15060 15048 15014 14955 14787 14631 14484 14524 14518 14489 14522 14507 14482 14495 14511 14580 14603 14669 14647 14654 14622
14619 14676 14680 14592 14631 14729 14770 14828 14838 14739 14758 14748 14764 14792 14845 14859 14921 14911 14911 14934 14911 14977 15044 14992 15047 15039 14975 14972 14908 14929 14908 14928 14974 14922 14977 14919 14828 14780 14610 14525 14425 14415 14427 14451 14522 14601 14757 14960 15045 14990 14989 15070 15167 15128 15215 15133 15141 15106 15129 15169
15247 15231 15290 15328 15321 15384 15494 15548 15548 15581 15514 15554 15538 15529 15498 15524 15637 15624 15684 15634 15612 15619 15694 15620 15584 15585 15600 15525 15480 15468 15535 15487 15510 15533 15487 15503 15482 15453 15496 15526 15538 15635 15635 15630 15613 15619 15548 15594 15632 15656 15661 15588 15548 15600 15572 15612 15607 15561 15574 15651
15672 15695 15598 15666 15676 15594 15572 15604 15681 15666 15594 15539 15552 15615 15596 15578 15662 15729 15742 15848 15817 15827 15831 15848 15926 15984 15956 15948 15938 15888 16051 16118 16274 16269 16346 16364 16363 16343 16254 16160 16033 15998 16031 16013 16045 16019 16128 16130 16128 16132 16182 16163 16222 16315 16308 16306 16252 16311 16292 16298
16378 16318 16434 16423 16366 16297 16324 16330 16324 16311 16356 16321 16316 16387 16302 16312 16317 16385 16467 16415 16472 16453 16442 16524 16438 16376 16418 16418 16516 16445 16433 16352 16351 16388 16372 16376 16365 16364 16408 16457 16488 16476 16512 16402 16247 16143 16218 16188 16200 16217 16268 16275 16445 16439 16517 16454 16508 16505 16445 16396
16350 16348 16304 16320 16268 16286 16313 16218 16214 16278 16238 16248 16277 16332 16282 16325 16356 16415 16438 16477 16491 16544 16569 16569 16532 16582 16598 16603 16611 16527 16492 16504 16475 16425 16319 16350 16375 16390 16405 16457 16461 16446 16489 16501 16531 16524 16517 16512 16516 16548 16524 16430 16407 16446 16408 16387 16300 16254 16335 16372
16528 16612 16614 16643 16596 16613 16559 16551 16738 16884 16973 17063 17101 17092 17032 16990 16847 16718 16524 16498 16487 16369 16403 16411 16374 16329 16325 16408 16414 16488 16407 16435 16473 16542 16513 16581 16565 16476 16540 16647 16662 16600 16590 16647 16700 16678 16630 16597 16549 16542 16549 16514 16417 16424 16394 16267 16218 16200 16232 16157
16180 16140 16167 16222 16244 16282 16215 16195 16189 16217 16226 16308 16300 16297 16377 16402 16495 16415 16467 16445 16471 16523 16527 16640 16623 16741 16709 16716 16701 16722 16658 16735 16779 16720 16573 16530 16402 16358 16409 16338 16324 16375 16508 16580 16687 16862 16900 16787 16741 16772 16808 16814 16826 16736 16780 16623 16638 16659 16787 16717
16658 16611 16689 16742 16783 16863 16855 16840 16797 16781 16762 16805 16869 16891 16886 16908 16914 16888 16918 16942 16912 16937 16900 16907 16857 16905 16908 16947 16980 16931 17003 17026 17031 17005 17104 17082 16974 17056 17107 17112 17139 17112 17194 17230 17258 17240 17301 17379 17446 17409 17392 17409 17397 17400 17341 17275 17192 17157 17166 17198
17215 17185 17093 17186 17326 17430 17562 17675 17812 17812 17783 17689 17553 17485 17395 17319 17349 17393 17373 17371 17360 17356 17286 17336 17338 17362 17318 17301 17362 17324 17335 17392 17410 17457 17495 17522 17518 17474 17448 17490 17496 17462 17463 17390 17416 17410 17358 17351 17365 17444 17270 17319 17292 17381 17292 17215 17258 17183 17182 17230
17279 17244 17213 17272 17177 17193 17199 17144 17199 17234 17201 17186 17184 17202 17243 17299 17307 17141 17088 16886 16763 16749 16737 16769 16902 17105 17197 17353 17446 17438 17495 17411 17385 17395 17398 17421 17440 17486 17510 17581 17571 17534 17462 17558 17450 17486 17452 17473 17472 17465 17407 17465 17506 17501 17448 17454 17487 17539 17539 17579
17625 17695 17758 17669 17627 17684 17743 17778 17791 17778 17753 17719 17655 17623 17699 17754 17735 17735 17781 17865 17852 17813 17850 17813 17821 17768 17718 17753 17762 17694 17671 17637 17553 17613 17636 17652 17606 17590 17623 17641 17641 17632 17661 17640 17651 17640 17702 17687 17701 17702 17706 17668 17625 17710 17750 17770 17757 17767 17853 17969
17902 17899 17920 17991 17898 17936 17992 18049 18100 18051 18064 18055 18072 18060 18101 18156 18251 18247 18244 18253 18255 18338 18343 18490 18550 18714 18822 18884 18938 18891 18798 18810 18803 18665 18586 18502 18505 18609 18646 18732 18731 18700 18787 18695 18686 18716 18688 18720 18713 18683 18692 18663 18692 18686 18722 18722 18764 18811 18872 18801
18709 18722 18740 18786 18850 18741 18593 18576 18495 18473 18501 18477 18410 18480 18646 18830 19054 19080 18999 18967 19022 18965 18974 18997 18918 18906 18934 18919 18867 18872 18898 18829 18824 18861 18867 18826 18794 18835 18905 18886 18874 18844 18813 18804 18830 18831 18828 18871 18876 18896 18888 18892 18880 18901 18932 18941 19002 19012 19132 19054
19059 19073 19096 19123 19101 19080 19046 19126 19141 19233 19295 19155 19201 19198 19140 19133 19133 19106 19081 19071 19178 19171 19170 19157 19163 19148 19151 19146 19104 19119 19142 19193 19257 19287 19299 19363 19300 19294 19264 19279 19445 19395 19424 19439 19429 19424 19439 19467 19459 19423 19449 19437 19452 19461 19385 19340 19414 19439 19494 19511
19511 19532 19565 19573 19621 19667 19693 19618 19614 19603 19775 19843 19923 19898 19873 19951 19904 19818 19742 19578 19451 19310 19289 19301 19340 19327 19374 19342 19381 19398 19448 19507 19475 19526 19488 19473 19402 19449 19421 19389 19433 19519 19546 19510 19465 19415 19467 19529 19456 19397 19395 19406 19483 19486 19543 19601 19630 19597 19629 19571
19593 19483 19577 19589 19546 19512 19548 19659 19608 19636 19710 19768 19785 19848 19843 19795 19842 19897 19935 19951 19863 19815 19853 19898 19891 19988 20096 20123 20087 20141 20190 20125 20116 20157 20201 20196 20228 20196 20220 20264 20291 20356 20355 20273 20176 20006 19852 19819 19746 19763 19695 19738 19700 19832 19948 20047 20120 20182 20212 20174
20163 20079 20083 20104 20103 20124 20235 20240 20170 20107 20046 20060 20084 20061 20121 20165 20145 20087 20082 20079 20064 20065 20155 20134 20166 20220 20233 20196 20233 20203 20107 20149 20183 20211 20162 20161 20110 20094 20109 20053 19978 20021 20034 20058 20134 20195 20134 20120 20116 20131 20090 20033 20010 19975 19900 19925 19972 20049 20122 20070
20059 20086 20033 20047 20108 20162 20187 20146 20150 20144 20198 20187 20171 20097 20128 20139 20082 20110 20085 20088 20089 20091 20100 20328 20420 20521 20583 20740 20793 20727 20776 20780 20689 20580 20405 20417 20505 20485 20456 20536 20533 20565 20630 20653 20714 20785 20831 20871 20941 20948 20923 20910 20926 20926 20870 20911 20911 20917 20942 21008
21015 20975 21027 21055 21042 20923 20933 20922 20930 20967 20915 20859 20926 20935 21038 21036 20907 20892 20933 20816 20862 20883 20883 20905 20935 20829 20868 20931 20931 20996 20879 20891 20900 20926 20901 20892 20795 20791 20876 20738 20637 20572 20418 20448 20423 20353 20422 20512 20667 20842 21031 21096 21190 21277 21227 21174 21277 21246 21289 21368
21452 21449 21450 21500 21564 21681 21671 21644 21596 21581 21582 21639 21619 21686 21716 21717 21712 21705 21701 21684 21644 21683 21622 21610 21625 21655 21575 21572 21623 21743 21797 21782 21778 21739 21722 21723 21747 21677 21664 21672 21633 21510 21471 21463 21483 21546 21560 21528 21560 21580 21588 21558 21564 21605 21588 21638 21696 21677 21703 21726
21729 21813 21914 21977 21981 21964 22004 21927 21875 21782 21658 21640 21738 21821 21986 22061 22098 22069 22039 21970 21893 21819 21696 21558 21516 21529 21515 21585 21535 21481 21445 21532 21547 21640 21629 21628 21643 21624 21681 21690 21813 21768 21744 21743 21766 21851 21820 21884 21919 21877 21914 21912 21855 21805 21826 21854 21921 21921 21948 21873
21877 21861 21934 21916 21924 21973 21918 21925 21893 21890 21778 21623 21490 21333 21237 21168 21192 21276 21316 21315 21379 21556 21651 21669 21763 21712 21733 21689 21674 21719 21692 21683 21730 21630 21680 21655 21659 21695 21683 21614 21589 21531 21578 21581 21513 21543 21501 21428 21398 21366 21310 21335 21272 21253 21253 21321 21285 21238 21184 21225
21249 21257 21258 21262 21228 21213 21255 21277 21322 21356 21342 21299 21256 21345 21330 21290 21293 21362 21331 21290 21306 21340 21371 21352 21405 21427 21366 21379 21513 21507 21499 21520 21548 21570 21670 21784 21728 21735 21713 21792 21692 21650 21600 21600 21532 21529 21497 21568 21565 21597 21670 21683 21670 21647 21643 21593 21585 21596 21601 21669
21717 21773 21801 21803 21953 21973 21961 22007 22038 22026 22099 22167 22181 22166 22119 22098 22101 22110 22044 22022 22076 22129 22141 22049 21957 22001 22008 22041 22021 22054 22002 22002 21977 21926 21943 21904 21994 22061 22076 22104 22102 22087 22188 22305 22314 22421 22504 22471 22398 22405 22242 22137 22041 21949 21937 21918 21931 21999 22022 22014
21974 21980 21943 22034 22050 22049 22102 22078 22112 22169 22307 22324 22386 22443 22427 22531 22469 22546 22577 22659 22736 22763 22725 22633 22536 22453 22362 22307 22336 22346 22435 22505 22613 22683 22623 22640 22673 22633 22568 22503 22477 22522 22437 22410 22560 22473 22378 22347 22325 22348 22417 22394 22373 22322 22323 22338 22364 22370 22460 22510
22524 22589 22649 22695 22692 22687 22806 22814 22773 22737 22789 22878 22957 22971 22971 22992 22882 22846 22855 22776 22760 22785 22840 22863 22808 22803 22804 22851 22916 22883 22949 22969 23026 23031 23063 23083 23050 23001 23027 23045 23125 23176 23120 23105 23094 23067 23075 23080 23064 22985 22880 22946 22919 22885 22942 22911 22995 22920 22902 22971
22945 22945 22964 22962 23083 23182 23270 23238 23374 23390 23378 23259 23137 23006 22906 22811 22786 22774 22854 22842 22821 22876 22886 22933 23014 23080 23085 23160 23190 23167 23137 23155 23150 23097 23182 23173 23157 23161 23167 23255 23304 23269 23263 23218 23237 23227 23266 23257 23272 23275 23336 23275 23382 23351 23445 23487 23463 23395 23370 23383
23371 23366 23407 23358 23367 23340 23318 23364 23393 23465 23381 23383 23377 23451 23485 23496 23523 23619 23684 23634 23634 23655 23571 23515 23510 23548 23579 23541 23615 23613 23626 23567 23386 23250 23141 23120 23061 23096 23182 23304 23432 23553 23682 23766 23802 23797 23842 23874 23845 23845 23837 23809 23765 23719 23724 23717 23830 23831 23855 23818
23778 23790 23869 23836 23837 23770 23775 23832 23758 23800 23776 23934 23926 23884 23884 23860 23799 23849 23930 23926 23881 23939 23958 23953 23946 23924 23927 23854 23820 23838 23828 23768 23818 23857 23917 23961 23996 24039 24012 24097 23991 24009 24110 24078 24075 24007 23987 23931 23828 23845 23923 23909 23973 23989 23979 23967 24014 23970 24006 23927
23877 24050 24168 24271 24335 24377 24408 24415 24449 24363 24289 24165 24072 24110 24037 24085 24061 24072 24077 24035 24026 24082 24027 24074 24110 24155 24113 24129 24119 24169 24129 24138 24104 24133 24099 24113 24173 24195 24199 24272 24219 24175 24133 24191 24187 24177 24299 24342 24389 24379 24347 24378 24409 24506 24387 24473 24464 24348 24368 24300
24326 24416 24413 24367 24392 24339 24317 24328 24235 24229 24230 24231 24269 24254 24186 24135 24035 23992 24011 24010 23958 24005 24029 23974 23914 24057 24122 23979 24028 23987 23965 24004 23962 24038 24094 24139 24138 24126 24108 24098 24085 24064 23949 23977 23861 23871 23760 23667 23673 23531 23604 23596 23745 23824 24000 24105 24037 24044 24025 24057
24110 24154 24149 24203 24218 24251 24178 24186 24116 24097 24068 24134 24244 24223 24235 24128 24302 24300 24348 24320 24386 24477 24498 24583 24664 24588 24572 24576 24627 24612 24615 24607 24675 24608 24599 24731 24637 24667 24731 24675 24642 24611 24624 24614 24537 24591 24606 24611 24601 24641 24624 24573 24525 24476 24508 24616 24670 24582 24612 24616
24651 24616 24583 24527 24508 24603 24659 24600 24637 24622 24642 24602 24619 24614 24640 24543 24595 24624 24596 24608 24610 24578 24757 24857 24914 25027 25109 25116 25140 25069 24982 24875 24851 24754 24782 24681 24690 24617 24576 24607 24637 24591 24570 24574 24565 24522 24484 24396 24397 24409 24465 24327 24222 24237 24219 24236 24225 24278 24254 24396
24347 24369 24204 24041 23969 23888 23863 23713 23772 23830 23894 24077 24187 24189 24175 24165 24215 24182 24166 24126 24127 24102 24000 23991 24075 24101 24076 24052 24131 24018 24012 24040 24016 24061 24121 24133 24168 24231 24246 24078 24088 24062 24102 24131 24135 24130 24053 24056 24064 24201 24259 24295 24366 24371 24379 24389 24322 24277 24305 24231
24224 24215 24338 24428 24479 24420 24436 24446 24451 24495 24460 24436 24447 24499 24512 24508 24517 24503 24538 24598 24667 24729 24790 24771 24791 24792 24782 24890 24927 24921 24944 24918 24856 24859 24932 24935 24957 24970 24945 24896 24893 24913 24991 24949 25067 25050 24967 25011 24916 24838 24890 24923 24898 24879 24807 24917 24855 24894 24870 24904
24881 24845 24798 24827 24823 24910 24844 24827 24776 24783 24697 24666 24576 24526 24522 24497 24541 24629 24692 24738 24702 24894 24956 25097 25200 25253 25263 25139 25104 25010 24891 24819 24605 24692 24668 24606 24657 24739 24760 24853 24875 24837 24866 24868 24844 24815 24780 24846 24843 24891 24912 24897 24873 24890 24813 24771 24715 24734 24789 24834
24873 24894 24941 24845 24796 24912 24884 24873 24764 24624 24556 24444 24389 24348 24424 24461 24463 24541 24659 24737 24763 24720 24636 24652 24618 24634 24616 24675 24711 24750 24794 24831 24808 24752 24827 24813 24911 24966 25039 25111 25109 25128 25116 25127 25196 25234 25229 25263 25260 25332 25440 25425 25409 25430 25520 25544 25430 25451 25475 25443
25533 25486 25519 25473 25452 25499 25496 25532 25486 25492 25490 25575 25575 25443 25332 25242 25323 25369 25438 25452 25452 25398 25327 25319 25335 25386 25488 25564 25435 25447 25424 25327 25336 25357 25349 25290 25302 25279 25356 25416 25415 25482 25556 25579 25588 25529 25545 25634 25671 25642 25646 25705 25718 25697 25723 25718 25621 25582 25624 25654
25700 25738 25678 25717 25739 25782 25876 25758 25692 25647 25723 25760 25743 25755 25764 25812 25790 25857 25869 25933 25902 25977 25935 26073 26167 26214 26274 26342 26364 26390 26421 26363 26250 26125 25968 25922 25902 25787 25870 25903 25937 25973 25851 25872 25926 25917 25862 25913 25913 25908 25845 25836 25801 25736 25808 25811 25883 25809 25785 25738
25771 25677 25561 25489 25388 25281 25265 25196 25342 25432 25451 25556 25616 25674 25740 25743 25778 25804 25852 25891 25879 25910 25949 25997 26076 26058 26076 26085 26151 26173 26197 26222 26209 26155 26191 26087 26128 26196 26222 26324 26354 26364 26361 26429 26388 26408 26315 26353 26354 26361 26268 26334 26262 26286 26261 26185 26232 26298 26297 26303
26322 26361 26276 26310 26360 26410 26495 26444 26511 26622 26602 26595 26534 26596 26599 26583 26566 26684 26639 26611 26676 26715 26753 26798 26821 26958 27023 27033 27009 26990 26990 26964 26999 27064 27053 26870 26847 26903 26965 26949 26961 26923 26972 26925 26967 27017 27009 27032 27127 27078 27131 27128 27127 27081 27087 27112 27091 27114 27121 27145
27151 27178 27217 27158 27161 27176 27154 27207 27175 27160 27083 27159 27153 27140 27100 27098 27092 27069 27166 27168 27151 27198 27139 27167 27214 27197 27196 27209 27250 27253 27390 27503 27575 27649 27917 28031 28204 28280 28330 28341 28374 28292 28129 28023 27835 27724 27765 27705 27624 27618 27521 27468 27444 27507 27552 27581 27559 27600 27682 27688
27758 27811 27800 27837 27820 27760 27754 27745 27750 27750 27665 27631 27692 27756 27729 27757 27814 27812 27823 27891 27966 28033 27999 28017 28060 28064 28037 27983 27933 27847 27832 27825 27808 27749 27730 27817 27851 27925 27957 27930 27761 27584 27417 27344 27317 27388 27411 27516 27582 27573 27680 27852 27896 27915 27923 27932 27997 27939 28038 28001
27995 27952 27911 27913 27890 27961 28052 28058 28088 28120 28135 28160 28218 28207 28291 28297 28369 28346 28349 28336 28272 28252 28312 28312 28254 28190 28157 28170 28179 28157 28178 28219 28157 28142 28087 28017 28040 28045 28057 28072 28186 28164 28214 28222 28352 28372 28357 28291 28248 28242 28234 28209 28212 28251 28191 28182 28286 28337 28260 28216
28145 28078 28017 27943 28018 28148 28305 28449 28553 28625 28627 28629 28665 28601 28451 28315 28221 28165 28191 28186 28156 28196 28292 28310 28332 28411 28422 28442 28410 28467 28620 28618 28498 28537 28525 28554 28565 28554 28596 28596 28595 28640 28631 28631 28612 28543 28650 28627 28519 28569 28615 28556 28546 28584 28630 28640 28760 28738 28722 28632
28614 28603 28627 28665 28604 28563 28573 28627 28615 28554 28646 28620 28682 28680 28666 28692 28662 28726 28766 28812 28840 28730 28660 28528 28504 28485 28493 28481 28559 28626 28804 28989 29148 29017 28997 28953 28964 28882 28890 28950 28950 28998 28987 28921 28853 28879 28773 28809 28881 28857 28869 28902 28908 28967 28883 28891 28944 28931 28912 28891
28883 28863 28804 28757 28744 28776 28741 28688 28755 28755 28704 28661 28680 28719 28659 28696 28699 28771 28721 28690 28662 28586 28601 28682 28675 28623 28577 28634 28630 28724 28785 28757 28764 28807 28783 28766 28766 28795 28862 28751 28803 28908 28862 28781 28700 28624 28571 28546 28539 28539 28457 28443 28451 28435 28347 28283 28310 28327 28327 28369
28338 28323 28244 28356 28289 28281 28227 28252 28269 28224 28220 28220 28214 28213 28238 28207 28201 28188 28186 28249 28288 28265 28288 28322 28359 28373 28357 28423 28447 28473 28460 28485 28562 28509 28514 28604 28609 28654 28652 28759 28871 28944 29111 29129 29107 29118 29008 28969 28790 28696 28567 28517 28455 28425 28441 28476 28443 28480 28458 28494
28440 28457 28417 28488 28401 28485 28480 28559 28611 28582 28659 28639 28580 28613 28549 28555 28571 28548 28572 28561 28559 28570 28623 28674 28635 28556 28644 28635 28641 28617 28570 28616 28703 28741 28684 28599 28545 28433 28452 28437 28369 28448 28540 28597 28752 28849 28854 28785 28748 28783 28794 28824 28858 28869 28828 28888 28950 29048 29059 29062
29057 29078 29045 29075 29015 29094 29126 29152 29144 29137 29135 29181 29241 29256 29239 29130 29146 29076 29027 28889 28814 28698 28733 28692 28703 28696 28708 28624 28665 28661 28627 28621 28646 28631 28611 28536 28641 28654 28704 28696 28706 28785 28762 28755 28706 28712 28712 28793 28904 28931 28975 28942 28891 28900 28894 28898 28869 28901 28891 28949
28948 28895 28851 29061 29110 29248 29283 29369 29420 29352 29336 29249 29165 29047 28912 28949 29007 29033 28987 29016 28996 29008 29062 29095 29091 29092 29074 29054 29059 29142 29153 29188 29240 29245 29233 29186 29230 29263 29270 29201 29238 29289 29243 29198 29104 29181 29241 29264 29175 29151 29107 29137 29099 29034 29057 29165 29169 29103 29146 29112
29124 29080 29132 29144 29177 29200 29236 29166 29254 29247 29252 29273 29201 29086 28869 28665 28501 28535 28511 28568 28628 28785 28901 28947 29054 29017 29051 29056 28991 28965 28975 28977 29028 29006 28966 29012 29028 28986 29000 29099 29079 29087 29119 29106 29150 29063 29083 29082 29089 29101 29088 29078 29181 29125 29157 29197 29141 29196 29191 29180
29162 29138 29135 29168 29147 29113 29000 28944 28978 29062 29028 29009 29008 29036 29047 29121 29176 29277 29222 29188 29276 29318 29269 29275 29269 29253 29307 29339 29363 29363 29362 29324 29347 29408 29405 29303 29303 29297 29267 29254 29211 29203 29199 29143 29093 29151 29226 29247 29279 29255 29271 29185 29129 29150 29179 29220 29203 29199 29232 29190
29227 29216 29184 29146 29189 29148 29215 29239 29282 29311 29311 29418 29478 29516 29448 29513 29524 29556 29538 29624 29549 29527 29653 29578 29566 29600 29687 29700 29816 29778 29758 29712 29856 29915 29944 29868 29815 30004 30162 30262 30308 30333 30383 30338 30202 30120 30084 29888 29705 29694 29695 29706 29656 29644 29778 29792 29752 29847 29932 29947
29934 29993 29965 29937 29943 30016 30095 30021 29957 29955 29989 29958 29875 29914 29982 29983 30024 30044 29996 29966 29945 30108 30120 30195 30181 30122 30152 30114 30140 30121 30085 30060 29996 29998 30008 29939 29786 29719 29643 29590 29621 29686 29751 29822 29864 29999 30078 30210 30146 30193 30197 30223 30191 30160 30115 30070 30069 30047 30097 30083
30026 30037 30055 30076 30164 30248 30239 30306 30368 30438 30442 30423 30358 30436 30429 30419 30344 30349 30293 30265 30287 30272 30239 30261 30277 30218 30263 30240 30242 30389 30406 30371 30424 30320 30281 30356 30374 30372 30414 30436 30311 30243 30220 30182 30228 30280 30250 30216 30251 30261 30319 30277 30342 30440 30411 30457 30459 30506 30521 30566
30530 30530 30488 30443 30496 30496 30489 30469 30445 30468 30562 30527 30529 30566 30675 30687 30652 30635 30622 30572 30540 30593 30598 30598 30573 30595 30623 30622 30547 30602 30569 30589 30593 30590 30541 30498 30535 30591 30734 30800 30910 31043 31099 31035 30973 30972 30856 30739 30571 30662 30630 30671 30749 30823 30842 30828 30762 30761 30714 30773
30693 30599 30651 30640 30739 30767 30650 30624 30516 30489 30542 30503 30542 30666 30761 30909 30977 31117 31158 31175 31201 31220 31294 31335 31335 31299 31275 31286 31331 31257 31346 31298 31250 31216 31248 31337 31291 31354 31385 31367 31473 31552 31602 31660 31711 31751 31714 31756 31709 31731 31742 31769 31643 31696 31717 31719 31697 31720 31746 31790
31792 31735 31779 31778 31713 31685 31687 31660 31671 31691 31686 31759 31854 31856 31890 31875 31820 31758 31719 31745 31703 31688 31626 31658 31705 31785 31683 31707 31769 31736 31789 31767 31758 31688 31714 31738 31755 31760 31709 31709 31607 31578 31622 31649 31665 31624 31647 31639 31718 31693 31694 31827 31841 31869 31911 31823 31825 31872 31855 31872
31918 31912 32056 32099 32274 32388 32539 32539 32539 32457 32338 32254 32142 32057 32027 32175 32228 32318 32370 32427 32391 32450 32416 32387 32383 32407 32393 32313 32259 32228 32260 32290 32377 32490 32421 32444 32419 32399 32419 32424 32484 32449 32430 32482 32452 32422 32537 32574 32563 32484 32537 32539 32645 32674 32688 32713 32694 32618 32590 32679
32630 32670 32742 32860 32911 32989 33044 33095 33099 33151 33013 32883 32776 32743 32698 32669 32729 32798 32769 32802 32934 33048 33079 33106 33114 33206 33290 33328 33391 33373 33350 33280 33350 33394 33338 33332 33286 33279 33311 33291 33244 33228 33185 33218 33285 33374 33353 33427 33424 33456 33429 33408 33418 33389 33394 33362 33358 33326 33295 33275
33248 33286 33318 33343 33394 33383 33384 33426 33456 33465 33656 33600 33613 33696 33643 33617 33576 33519 33484 33441 33484 33407 33338 33401 33486 33590 33616 33640 33633 33593 33493 33565 33509 33421 33427 33411 33453 33446 33381 33501 33417 33449 33358 33262 33180 33173 33206 33169 33148 33094 33094 33114 33122 32999 32991 32975 32965 32902 32903 32845
32843 32821 32814 32939 32969 32932 32955 33010 32940 32961 33048 33078 33085 33091 33051 33063 33009 33152 33278 33406 33451 33482 33488 33385 33387 33354 33301 33156 32928 32841 32819 32819 32861 32801 32748 32703 32721 32661 32629 32619 32711 32662 32606 32652 32627 32636 32713 32771 32755 32806 32851 32762 32762 32754 32675 32626 32596 32607 32707 32677
32693 32467 32354 32347 32325 32279 32331 32392 32413 32471 32536 32675 32844 32796 32758 32713 32691 32721 32804 32742 32754 32783 32798 32769 32783 32866 32881 32808 32791 32842 32884 32885 32902 32852 32893 32890 32920 32891 32987 33043 33045 32973 33003 32964 32941 33005 33044 33080 33045 33051 33130 33137 33125 33131 33118 33183 33219 33171 33091 33118
33132 33080 33054 33026 33090 33117 33167 33170 33248 33213 33193 33349 33388 33228 33198 33201 33236 33224 33258 33251 33262 33249 33251 33203 33189 33166 33266 33288 33333 33389 33437 33515 33414 33520 33562 33603 33585 33609 33525 33534 33425 33393 33445 33406 33351 33271 33247 33194 33189 33213 33236 33237 33029 33026 33011 33073 33084 33150 33208 33230
33278 33255 33318 33354 33435 33430 33465 33558 33625 33650 33627 33616 33670 33646 33635 33668 33658 33646 33604 33579 33643 33651 33723 33723 33713 33668 33647 33644 33747 33836 33766 33791 33907 33859 33790 33737 33755 33884 34006 34012 34053 34108 34149 34159 34144 34042 33896 33777 33692 33731 33738 33689 33631 33720 33739 33808 33812 33809 33734 33765
33765 33729 33717 33792 33778 33682 33682 33640 33644 33582 33683 33714 33793 33570 33408 33403 33251 33153 33216 33333 33265 33409 33511 33657 33775 33717 33728 33859 33900 33869 33878 33797 33849 33790 33796 33797 33881 33864 33985 33981 34030 34009 33979 34006 33956 33946 33922 33867 33931 33874 33900 33898 33899 33829 33893 33812 33857 33913 33941 34004
33994 33991 33908 33966 33983 33991 34012 33998 33958 34009 33947 33938 33906 33951 33898 33772 33797 33838 33864 33935 33985 33922 33920 33924 33906 33891 33845 33871 33816 33957 33894 33900 33848 33896 33912 33911 33899 33857 33828 33802 33785 33849 33813 33765 33767 33817 33814 33832 33778 33777 33772 33824 33760 33784 33748 33815 33787 33780 33768 33822
33802 33784 33816 33780 33771 33721 33658 33614 33637 33647 33654 33614 33638 33748 33769 33713 33760 33809 33756 33805 33831 33903 33895 33907 33870 33984 33937 33942 34001 33905 33910 33886 33858 33856 33888 33889 33911 33898 33938 33897 33955 33970 33988 34026 34048 34220 34283 34381 34431 34489 34496 34416 34353 34252 34107 33961 33849 33855 33896 33844
33882 33850 33802 33737 33755 33786 33722 33763 33726 33702 33748 33742 33683 33749 33754 33687 33751 33707 33700 33705 33708 33631 33632 33701 33648 33637 33623 33673 33701 33747 33743 33762 33812 33797 33809 33701 33576 33408 33397 33342 33299 33322 33474 33595 33714 33793 33916 33823 33845 33827 33792 33857 33789 33844 33799 33840 33760 33738 33712 33763
33842 33901 33998 34117 34143 34130 34149 34121 34132 34167 34094 34062 34089 34063 34040 34158 34224 34158 34225 34222 34254 34240 34192 34250 34288 34356 34410 34489 34552 34477 34506 34548 34607 34636 34640 34622 34692 34717 34727 34755 34784 34781 34788 34807 34799 34762 34677 34693 34669 34629 34621 34678 34690 34716 34729 34669 34761 34807 34895 34880
34894 34931 34912 34910 35011 35001 34959 34930 34895 34905 34888 34865 34867 34862 34972 34982 35010 34945 34932 34975 34976 34942 34945 34965 34967 35003 35046 35057 35140 35178 35200 35192 35283 35276 35211 35248 35202 35186 35138 35185 35230 35248 35225 35241 35260 35303 35322 35473 35569 35659 35759 35747 35820 35866 35792 35715 35585 35398 35319 35380
35342 35488 35559 35554 35651 35709 35715 35730 35701 35718 35840 35855 35870 35819 35825 35806 35814 35907 35896 35960 35884 35825 35828 35815 35839 35778 35730 35790 35848 35972 35883 35856 35799 35682 35515 35460 35275 35211 35213 35327 35370 35545 35597 35865 35972 35974 36029 36080 36071 36122 36212 36191 36129 36129 36084 36084 36096 36144 36255 36255
36251 36169 36115 36105 36052 36135 36186 36142 36142 36106 36133 36156 36259 36331 36330 36360 36465 36475 36461 36461 36473 36518 36523 36601 36617 36636 36670 36670 36628 36571 36574 36620 36649 36656 36588 36570 36546 36528 36588 36582 36679 36614 36603 36505 36560 36599 36537 36501 36489 36417 36321 36240 36205 36220 36263 36348 36338 36371 36381 36383
36419 36423 36433 36396 36414 36419 36429 36418 36388 36292 36329 36255 36214 36183 36216 36185 36243 36231 36242 36292 36376 36359 36370 36315 36329 36359 36257 36269 36229 36284 36334 36334 36432 36352 36333 36350 36247 36432 36538 36693 36801 36783 36835 36679 36569 36468 36442 36324 36230 36251 36247 36285 36263 36193 36250 36271 36256 36261 36232 36316
36432 36517 36612 36511 36490 36502 36530 36585 36517 36516 36435 36332 36149 36029 36036 36057 36039 36071 36201 36212 36351 36461 36483 36430 36413 36373 36420 36422 36445 36445 36405 36390 36329 36381 36328 36249 36334 36456 36519 36556 36564 36518 36510 36523 36479 36530 36501 36496 36465 36477 36484 36505 36396 36354 36426 36408 36475 36488 36494 36516
36488 36570 36442 36448 36498 36482 36448 36410 36388 36359 36370 36410 36424 36439 36447 36456 36475 36476 36479 36495 36534 36551 36504 36492 36460 36437 36483 36470 36527 36522 36461 36575 36577 36477 36576 36617 36596 36550 36477 36558 36552 36548 36601 36586 36565 36596 36565 36618 36546 36544 36519 36499 36541 36638 36615 36572 36524 36486 36514 36485
36500 36425 36376 36351 36427 36412 36320 36298 36299 36324 36342 36282 36271 36242 36179 36164 36182 36166 36222 36226 36227 36263 36341 36378 36472 36662 36743 36816 36809 36867 36824 36785 36751 36647 36504 36342 36333 36255 36372 36326 36424 36364 36384 36361 36361 36336 36321 36332 36229 36211 36247 36216 36173 36180 36203 36165 36188 36178 36226 36273
36387 36420 36446 36434 36400 36369 36499 36469 36552 36618 36670 36655 36744 36724 36738 36744 36744 36655 36557 36430 36391 36386 36385 36363 36490 36625 36691 36713 36845 36860 36750 36762 36769 36777 36778 36813 36859 36955 36974 36953 37057 37115 37010 37110 37078 37046 37036 37041 37073 37087 36994 37022 37050 37151 37173 37176 37245 37252 37281 37374
37319 37282 37246 37284 37329 37305 37291 37342 37356 37440 37461 37486 37548 37576 37565 37652 37582 37550 37495 37465 37532 37512 37544 37532 37552 37567 37528 37595 37502 37556 37573 37580 37559 37561 37625 37627 37591 37556 37601 37583 37547 37470 37436 37456 37481 37525 37525 37558 37524 37572 37607 37607 37685 37687 37659 37657 37647 37641 37644 37638
37549 37581 37599 37604 37530 37537 37589 37633 37695 37886 38070 38211 38177 38282 38315 38242 38196 38075 37961 37829 37709 37699 37798 37899 37851 37896 37955 37991 37945 37934 38010 38130 38181 38187 38128 38173 38174 38179 38190 38186 38172 38165 38229 38242 38269 38274 38297 38317 38365 38324 38368 38391 38411 38424 38482 38502 38580 38689 38775 38782
38838 38967 39005 39086 38977 38869 38726 38544 38487 38440 38519 38582 38636 38764 38903 39071 39161 39203 39246 39369 39375 39272 39227 39227 39171 39167 39181 39152 39108 39069 38983 38992 39062 39155 39082 38999 39057 39056 39022 39024 39082 39107 39059 39050 39017 38899 38838 38846 38891 38890 38907 38933 38956 38997 39039 39061 39094 39222 39194 39260
39212 39202 39241 39251 39291 39354 39327 39354 39343 39393 39373 39363 39374 39408 39357 39350 39281 39216 39221 39171 39221 39175 39205 39219 39210 39259 39334 39340 39392 39416 39487 39519 39569 39674 39698 39702 39733 39634 39634 39646 39683 39648 39625 39581 39565 39669 39610 39621 39664 39798 39816 39769 39785 39783 39796 39867 39871 39802 39830 39865
39850 39874 39884 39943 40107 39954 39952 39920 39963 39881 39844 39805 39821 39861 39847 39853 39881 39970 40053 39998 39922 39969 40017 40034 40040 40086 40004 39957 39924 39890 39973 40061 40135 40030 40056 40029 39997 40007 40011 40076 40100 40164 40065 40122 40375 40489 40562 40598 40693 40711 40649 40673 40678 40586 40437 40308 40275 40269 40270 40322
40306 40348 40462 40472 40406 40323 40308 40336 40326 40134 40186 40243 40260 40235 40212 40264 40289 40294 40294 40324 40236 40211 40256 40259 40286 40387 40394 40365 40325 40373 40297 40334 40337 40347 40385 40394 40283 40214 40063 39981 39937 39982 39916 39942 40068 40231 40271 40409 40383 40484 40447 40514 40546 40682 40663 40663 40672 40717 40660 40723
40742 40719 40730 40656 40677 40620 40623 40641 40621 40576 40528 40567 40520 40444 40416 40430 40416 40393 40382 40331 40331 40363 40401 40295 40255 40226 40167 40148 40173 40146 40205 40151 40197 40238 40226 40202 40247 40300 40406 40395 40415 40362 40424 40415 40356 40457 40457 40418 40405 40441 40408 40493 40560 40605 40456 40441 40528 40526 40593 40617
40561 40575 40521 40547 40504 40450 40513 40498 40488 40548 40628 40699 40672 40621 40673 40656 40716 40665 40717 40829 40805 40815 40808 40777 40809 40823 40895 40918 40860 40810 40902 40917 40942 40940 41017 41065 41223 41340 41352 41539 41697 41803 41855 41784 41737 41617 41580 41469 41492 41492 41488 41454 41449 41483 41504 41528 41473 41411 41402 41380
41403 41459 41298 41119 41007 40931 40831 40801 40848 40891 41027 41074 41121 41292 41211 41231 41200 41087 41085 41100 41073 41118 41074 41140 41232 41106 41203 41179 41172 41149 41152 41185 41283 41275 41307 41332 41278 41217 41293 41250 41249 41206 41184 41191 41194 41158 41211 41207 41193 41155 41093 41106 41115 41060 40979 41051 41137 41144 41244 41158
41064 41048 40989 40945 40940 40972 40992 41007 40912 40958 40988 41012 41019 41003 41037 41075 41130 41082 41073 41080 41173 41182 41117 41124 41241 41253 41246 41268 41155 41183 41201 41234 41225 41321 41329 41325 41378 41374 41389 41337 41333 41297 41254 41277 41188 41215 41259 41256 41278 41249 41297 41279 41324 41278 41324 41223 41210 41221 41254 41317
41272 41363 41343 41225 41289 41325 41355 41502 41630 41682 41838 41871 41892 41874 41860 41715 41661 41588 41528 41489 41490 41511 41500 41536 41628 41644 41541 41529 41564 41512 41492 41490 41505 41432 41353 41356 41277 41266 41270 41281 41276 41199 41184 41303 41321 41245 41286 41256 41320 41280 41327 41313 41367 41345 41459 41468 41469 41549 41563 41504
41501 41503 41475 41494 41391 41315 41340 41384 41400 41336 41366 41395 41422 41352 41193 41193 41085 40946 40825 40803 40756 40839 40939 40994 41116 41076 41110 41063 41045 41054 41057 41011 41075 41058 41114 41174 41189 41215 41201 41280 41322 41297 41255 41211 41281 41399 41442 41455 41340 41357 41411 41390 41518 41526 41560 41638 41651 41723 41751 41714
41757 41741 41773 41707 41686 41684 41719 41708 41769 41768 41788 41803 41776 41764 41852 41873 41841 41847 41833 41815 41791 41856 41874 41843 41899 41896 41777 41690 41611 41574 41604 41595 41595 41608 41602 41560 41527 41455 41413 41407 41513 41601 41685 41670 41595 41600 41653 41610 41623 41588 41552 41486 41486 41494 41478 41452 41475 41459 41466 41419
41504 41529 41496 41519 41510 41522 41602 41597 41551 41535 41624 41683 41711 41695 41678 41694 41642 41629 41628 41681 41653 41736 41799 41850 41823 41853 41856 41809 41998 42153 42226 42256 42359 42373 42307 42286 42169 42171 42012 41813 41840 41802 41774 41697 41677 41654 41684 41652 41640 41706 41734 41791 41841 41866 41804 41859 41819 41847 41959 41899
41842 41778 41797 41840 41740 41803 41818 41814 41869 41685 41532 41488 41350 41293 41361 41414 41440 41514 41576 41664 41849 41851 41964 41888 41929 41889 41895 41851 41823 41809 41875 41875 41927 41885 41819 41872 41845 41837 41883 41816 41817 41830 41801 41801 41896 41918 41858 41794 41727 41682 41599 41573 41486 41540 41546 41567 41578 41484 41383 41442
41431 41384 41341 41312 41372 41502 41479 41482 41536 41596 41533 41535 41510 41483 41544 41567 41590 41545 41555 41596 41636 41667 41687 41681 41715 41713 41705 41685 41742 41714 41748 41728 41723 41732 41752 41723 41677 41662 41637 41672 41687 41701 41784 41704 41718 41674 41683 41609 41513 41405 41392 41384 41340 41300 41219 41191 41213 41226 41198 41245
41194 41139 41186 41085 41150 41263 41411 41458 41569 41530 41611 41570 41445 41313 41182 41147 41281 41271 41310 41246 41208 41146 41192 41281 41173 41183 41172 41172 41195 41176 41189 41190 41146 41182 41203 41271 41349 41362 41405 41402 41372 41472 41471 41417 41378 41499 41493 41538 41508 41501 41464 41491 41475 41486 41463 41457 41412 41454 41500 41414
41409 41457 41435 41416 41392 41383 41423 41472 41396 41407 41379 41379 41366 41326 41314 41274 41186 41207 41268 41216 41371 41436 41345 41403 41369 41397 41415 41396 41417 41387 41466 41404 41424 41442 41399 41400 41377 41313 41376 41314 41297 41269 41327 41347 41367 41330 41320 41178 41061 40906 40782 40698 40769 40760 40790 40868 40988 41088 41152 41177
41158 41173 41134 41146 41178 41206 41212 41218 41284 41224 41224 41219 41206 41177 41209 41218 41362 41430 41451 41366 41392 41369 41313 41308 41253 41284 41289 41264 41261 41216 41185 41180 41163 41228 41136 41165 41133 41211 41215 41239 41175 41180 41182 41180 41257 41215 41180 41089 41108 41140 41099 41131 41118 41168 41156 41174 41141 41156 41079 41139
41121 41230 41265 41281 41265 41212 41236 41178 41151 41198 41280 41448 41582 41726 41791 41848 41785 41701 41728 41650 41476 41352 41301 41340 41382 41397 41305 41226 41201 41248 41249 41240 41308 41317 41271 41247 41262 41192 41200 41174 41194 41225 41201 41110 41108 41112 41099 41094 41109 41101 41058 41039 40931 40912 40986 40998 40997 40903 40912 40946
40919 40873 40892 40891 40838 40809 40816 40850 40837 40793 40829 40944 40992 40995 40957 40938 40928 40984 41001 40945 41060 41049 41081 40994 41165 41123 41087 41059 41067 41023 41062 41011 41012 41054 41091 41104 41065 41106 41108 41103 41178 41190 41173 41061 40950 40742 40766 40748 40759 40864 40904 40948 41025 41229 41344 41337 41347 41365 41500 41512
