0 51 -40 -49 -68 -11 -33 43 93 129 111 218 157 130 85 67 67 49 102 71 176 176 158 172 180 201 127 120 41 69 -86 -92 -106 -160 -110 -98 -150 -224 -199 -121 -143 -89 -86 -57 -60 -47 80 94 56 129 224 174 172 242 247 216 265 254 176 152
76 86 57 112 102 132 159 223 187 180 187 207 202 179 188 183 150 173 176 117 101 66 89 165 211 285 419 610 694 708 819 878 924 927 905 748 588 490 444 475 459 452 490 530 567 594 618 658 623 590 540 496 543 571 586 625 638 575 598 684
686 685 737 645 609 646 774 833 818 904 893 835 862 861 883 809 772 842 929 913 951 958 1021 1032 895 824 772 776 804 719 763 837 862 921 1072 1180 1166 1179 1172 1220 1153 1159 1151 1176 1210 1225 1192 1293 1241 1241 1290 1281 1318 1345 1468 1506 1462 1430 1384 1432
1356 1403 1402 1430 1432 1474 1442 1459 1430 1446 1441 1561 1619 1584 1588 1625 1625 1660 1609 1513 1519 1494 1461 1487 1464 1422 1448 1490 1557 1475 1493 1513 1577 1521 1558 1558 1552 1512 1570 1553 1566 1566 1565 1629 1605 1614 1625 1671 1678 1658 1651 1669 1673 1670 1576 1662 1602 1568 1537 1476
1407 1378 1403 1439 1498 1469 1401 1530 1650 1733 1770 1738 1765 1745 1656 1534 1507 1428 1315 1351 1379 1398 1422 1457 1381 1363 1333 1340 1273 1234 1247 1231 1316 1304 1254 1237 1228 1231 1229 1189 1207 1196 1295 1311 1324 1392 1470 1462 1384 1441 1450 1474 1542 1501 1424 1334 1264 1331 1412 1403
1424 1400 1394 1412 1438 1502 1493 1467 1326 1323 1306 1258 1235 1242 1258 1308 1321 1386 1494 1454 1586 1578 1591 1515 1434 1392 1405 1498 1533 1558 1609 1577 1491 1468 1355 1301 1309 1279 1201 1234 1265 1217 1174 1113 1133 1198 1055 897 793 730 587 564 546 624 625 688 820 945 902 967
943 960 1001 1004 930 953 916 1016 1080 1085 1027 1041 1035 1030 1077 1114 1114 1123 1160 1144 1141 1092 1064 1181 1188 1145 1197 1177 1201 1178 1213 1255 1306 1299 1374 1444 1474 1458 1424 1424 1349 1389 1304 1253 1230 1272 1298 1361 1420 1429 1547 1565 1548 1476 1535 1599 1622 1661 1692 1703
1698 1671 1673 1717 1775 1736 1690 1620 1590 1580 1514 1550 1592 1640 1620 1646 1638 1655 1627 1539 1529 1527 1556 1537 1502 1453 1526 1478 1515 1494 1470 1415 1498 1458 1457 1476 1457 1448 1463 1558 1562 1569 1624 1638 1646 1655 1676 1802 1918 2091 2323 2367 2434 2439 2417 2273 2167 2056 1895 1868
1840 1886 1880 1885 1846 1845 1801 1903 1954 2041 2056 2013 1973 1985 2033 1998 2006 1977 1952 1868 1928 1840 1895 1959 1897 1937 1921 1925 1924 1935 1801 1848 1858 1843 1829 1864 1850 1786 1758 1819 1827 1801 1691 1752 1758 1708 1603 1383 1304 1189 1128 1185 1181 1292 1438 1555 1660 1626 1643 1641
1616 1609 1630 1672 1774 1767 1797 1829 1810 1810 1759 1754 1684 1744 1695 1731 1709 1740 1820 1839 1882 1986 1922 1875 1864 1821 1887 1970 1936 1961 1964 1973 1981 1948 1822 1879 1799 1782 1759 1796 1830 1728 1708 1694 1702 1641 1698 1631 1575 1469 1556 1561 1549 1554 1529 1546 1578 1562 1592 1591
1539 1535 1535 1599 1625 1662 1651 1633 1563 1542 1577 1555 1527 1542 1522 1433 1454 1485 1482 1507 1467 1484 1547 1570 1598 1531 1512 1420 1432 1426 1400 1396 1420 1386 1347 1335 1230 1184 1151 1106 1168 1248 1342 1396 1368 1365 1391 1520 1606 1656 1745 1819 1853 1871 1726 1631 1563 1382 1177 1255
1127 1127 1134 1112 1136 1136 1207 1169 1212 1138 1073 1037 1124 1148 1114 1101 1179 1136 1145 1103 1220 1216 1214 1296 1305 1246 1255 1249 1231 1242 1291 1200 1092 982 785 645 594 552 599 774 875 999 1122 1130 1132 1078 1088 1081 1035 1052 1114 1107 1125 1082 1061 969 932 957 992 951
857 893 800 851 817 832 878 920 884 888 953 883 882 954 945 1009 1106 1034 1086 1089 1077 1029 1106 1215 1220 1130 1158 1155 1178 1234 1243 1246 1265 1253 1242 1247 1296 1216 1281 1337 1368 1359 1401 1468 1526 1591 1708 1693 1678 1738 1731 1722 1689 1627 1569 1566 1464 1473 1469 1541
1614 1636 1598 1629 1591 1485 1485 1472 1627 1701 1796 1797 1834 1841 1882 1795 1769 1747 1624 1438 1395 1337 1245 1140 1159 1142 1104 1134 1186 1161 1201 1222 1244 1202 1325 1333 1286 1382 1386 1404 1341 1394 1425 1401 1442 1400 1466 1531 1498 1544 1466 1484 1555 1621 1532 1562 1630 1666 1646 1633
1693 1654 1603 1632 1635 1665 1652 1634 1655 1680 1742 1755 1860 1915 1843 1903 1967 1999 1967 1877 1890 1887 1760 1796 1837 1893 1909 1902 1847 1809 1752 1806 1849 1882 1904 1932 2058 2069 2074 2092 2136 2007 1938 1840 1824 1764 1789 1751 1753 1861 2045 2175 2248 2243 2241 2226 2254 2287 2282 2178
2186 2264 2131 2072 2130 2173 2189 2228 2211 2167 2104 2065 2094 2167 2303 2416 2473 2594 2543 2614 2701 2706 2764 2825 2665 2647 2674 2642 2604 2656 2564 2574 2585 2628 2585 2464 2518 2456 2492 2556 2494 2552 2492 2431 2436 2542 2499 2528 2550 2556 2469 2640 2675 2644 2647 2684 2697 2724 2751 2768
2798 2806 2857 2814 2800 2808 2824 2877 2889 2896 2911 2997 2900 2889 2924 2839 2868 2967 3023 2885 2978 3006 3060 2946 2949 2898 2860 2845 2870 2855 2828 2853 2847 2778 2733 2724 2708 2735 2707 2659 2531 2561 2598 2729 2838 2932 2973 2999 2981 2972 2834 2817 2628 2514 2385 2445 2370 2351 2385 2377
2388 2397 2343 2359 2340 2217 2186 2153 2182 2172 1951 1797 1655 1623 1522 1483 1515 1622 1746 1880 2040 2155 2181 2251 2290 2307 2306 2283 2221 2148 2125 2178 2123 2162 2149 2138 2118 2085 2085 2106 2122 2143 2161 2170 2215 2222 2275 2321 2337 2328 2401 2451 2464 2491 2540 2470 2431 2465 2505 2471
2516 2507 2543 2583 2641 2670 2671 2723 2771 2818 2896 2887 2870 2890 2962 3003 3059 3011 2972 3000 2984 3018 2991 3014 3067 3013 3043 3060 3090 3144 3162 3246 3222 3225 3225 3191 3247 3251 3265 3215 3235 3275 3249 3341 3234 3202 3241 3312 3332 3364 3350 3381 3443 3400 3409 3416 3414 3518 3568 3535
3641 3634 3592 3557 3497 3545 3605 3661 3673 3708 3726 3797 3840 3846 3787 3746 3643 3628 3629 3573 3553 3621 3752 3826 3955 3991 4026 4067 4061 4058 4010 3844 3684 3513 3642 3633 3684 3812 3808 3791 3738 3713 3615 3637 3682 3699 3670 3704 3666 3668 3733 3668 3597 3633 3636 3631 3673 3714 3660 3716
3671 3740 3648 3573 3536 3503 3503 3494 3486 3432 3529 3540 3653 3686 3733 3724 3805 3863 3843 3849 3739 3708 3655 3669 3650 3493 3500 3467 3325 3238 3280 3294 3353 3460 3600 3746 3883 3838 3801 3775 3775 3788 3849 3853 3841 3814 3883 3875 3866 3792 3802 3877 3893 3919 3899 3982 4067 4118 4122 4176
4190 4112 4178 4175 4177 4154 4175 4235 4328 4299 4338 4297 4321 4296 4242 4226 4283 4213 4209 4290 4309 4344 4370 4403 4409 4376 4477 4496 4570 4582 4521 4470 4492 4551 4499 4499 4414 4526 4601 4633 4654 4660 4657 4653 4633 4532 4538 4577 4541 4557 4586 4541 4510 4551 4527 4503 4543 4526 4451 4535
4509 4431 4345 4308 4311 4354 4385 4333 4319 4319 4338 4417 4352 4379 4349 4257 4277 4276 4270 4253 4157 4173 4180 4136 4221 4261 4261 4341 4358 4351 4436 4443 4510 4480 4482 4477 4387 4580 4714 4810 4910 4990 5026 4966 4927 4896 4784 4605 4492 4528 4536 4504 4493 4516 4550 4526 4397 4413 4362 4410
4319 4226 4165 4176 4136 4106 4075 4164 4277 4247 4290 4309 4283 4351 4350 4352 4428 4462 4507 4446 4371 4276 4311 4388 4390 4423 4459 4537 4636 4622 4628 4679 4704 4735 4726 4645 4663 4720 4557 4424 4286 4192 4075 4057 4070 4172 4204 4387 4482 4701 4757 4763 4764 4767 4766 4771 4810 4834 4876 4950
5028 5000 5027 5076 5076 5075 5101 5135 5135 5103 5160 5147 5177 5249 5230 5182 5126 5059 5103 5079 5078 5077 5031 5044 5012 5021 5035 5042 5072 5074 5051 5056 5086 5121 5120 5126 5121 5151 5140 5173 5170 5164 5163 5219 5272 5362 5326 5261 5354 5380 5330 5299 5298 5319 5328 5358 5423 5395 5426 5415
5410 5429 5322 5280 5327 5380 5385 5308 5331 5285 5332 5325 5313 5298 5244 5283 5230 5347 5382 5338 5314 5275 5315 5338 5418 5535 5680 5792 5824 5927 5889 5891 5856 5786 5674 5495 5299 5285 5213 5292 5322 5429 5400 5421 5502 5472 5493 5527 5565 5485 5548 5514 5482 5427 5419 5509 5499 5522 5515 5596
5640 5581 5572 5546 5556 5576 5534 5546 5528 5620 5634 5673 5794 5585 5391 5213 5170 5144 5170 5162 5199 5192 5360 5508 5626 5649 5752 5647 5717 5645 5666 5645 5616 5582 5640 5657 5613 5565 5565 5524 5522 5535 5565 5574 5481 5519 5535 5529 5539 5526 5435 5342 5420 5440 5456 5512 5506 5599 5658 5663
5707 5699 5695 5687 5615 5620 5641 5618 5661 5617 5567 5566 5542 5471 5469 5432 5482 5433 5457 5476 5481 5476 5445 5382 5339 5329 5411 5381 5351 5374 5376 5341 5385 5374 5423 5259 5297 5266 5307 5332 5249 5178 5207 5235 5166 5186 5226 5278 5234 5278 5398 5408 5401 5523 5560 5588 5560 5562 5545 5611
5657 5592 5695 5771 5742 5806 5883 5965 5887 5841 5796 5911 5884 5913 5923 5923 5847 5795 5824 5848 5828 5815 5848 5789 5808 5732 5724 5641 5638 5620 5656 5748 5782 5759 5688 5763 5691 5651 5724 5780 5830 5793 5810 5939 5983 6106 6227 6286 6296 6250 6258 6146 6031 5946 5913 6010 5947 6008 6072 6061
6088 6124 6049 6011 6013 5906 5984 6015 5991 6035 6098 6117 6110 6073 5869 5827 5767 5659 5593 5541 5574 5682 5785 5888 6053 6236 6204 6190 6166 6193 6195 6169 6148 6124 6055 6080 6066 6066 6090 6046 6056 6113 6148 6143 6145 6150 6222 6189 6192 6186 6145 6244 6334 6354 6366 6440 6408 6455 6446 6464
6451 6437 6511 6544 6504 6442 6378 6384 6460 6494 6509 6535 6538 6549 6545 6468 6439 6365 6383 6397 6366 6344 6374 6385 6375 6456 6499 6491 6499 6519 6567 6633 6602 6589 6623 6707 6742 6702 6695 6640 6682 6617 6595 6629 6552 6600 6624 6588 6681 6722 6694 6707 6674 6736 6722 6843 6857 6848 6816 6798
6764 6756 6682 6695 6680 6632 6691 6774 6787 6891 7040 7152 7128 7195 7115 7038 7004 6954 6975 7029 7117 7042 7041 7041 7129 7230 7185 7162 7225 7202 7212 7154 7090 7129 7068 7078 7094 7027 6968 7001 6995 7047 6963 6982 6984 6899 7030 7004 6973 6948 6907 6921 6929 6866 6893 6895 6973 7051 7091 7077
7027 7063 7029 6984 7048 6998 6942 6862 6845 6865 6954 6928 6905 6918 6927 6925 6919 7006 6996 6975 7062 7053 7033 7062 7029 7074 6891 6751 6545 6498 6477 6460 6458 6431 6547 6685 6818 7033 7110 7049 7144 7070 7070 7076 7081 7093 7073 7017 6924 6993 7022 7078 7069 7088 7100 7071 7148 7152 7105 7163
7179 7164 7118 7083 7057 7107 7078 7094 7025 7052 7043 7011 7083 7087 7089 7102 7153 7134 7096 7049 7019 7045 7039 7182 7140 7112 7106 7100 7134 7080 7112 7198 7179 7203 7133 7175 7131 7181 7140 7056 7047 7026 7042 7053 7088 7061 7069 7079 7077 7044 6980 6938 6937 6980 7007 7028 7038 7075 7091 7131
7043 6949 6995 7082 7090 7114 7079 7145 7102 7096 7086 7090 7145 7178 7253 7218 7296 7270 7273 7241 7151 7182 7294 7424 7526 7561 7583 7644 7562 7559 7432 7265 7117 6997 7002 6995 7059 7180 7298 7387 7462 7455 7491 7515 7534 7578 7620 7593 7521 7578 7587 7591 7580 7551 7499 7451 7519 7549 7505 7555
7616 7619 7602 7629 7621 7576 7500 7449 7531 7575 7632 7508 7559 7531 7506 7360 7360 7340 7262 7227 7269 7260 7318 7413 7607 7787 7831 7779 7805 7742 7765 7793 7790 7790 7872 7836 7862 7929 7962 8007 7984 8056 8020 8053 8161 8206 8236 8271 8301 8286 8313 8323 8329 8259 8299 8289 8321 8285 8284 8256
8278 8216 8212 8290 8321 8256 8338 8287 8327 8321 8207 8212 8238 8206 8176 8216 8213 8203 8201 8204 8063 8095 8047 8089 8068 8017 8026 8013 7988 7889 7883 7903 7868 7816 7732 7773 7832 7913 7910 7874 7870 7876 7949 8005 8005 8022 8032 8012 7984 8021 7991 7952 7955 7886 7935 7904 8023 8064 8077 8086
8086 8019 8042 8011 7929 7997 8000 8026 7986 7932 7939 7939 7947 7845 7889 7930 7921 8034 8036 8085 8085 8163 8124 8077 8099 8157 8166 8192 8165 8267 8268 8337 8268 8200 8129 8113 8138 8202 8292 8250 8247 8300 8206 8306 8289 8269 8193 8364 8418 8662 8846 8882 8876 8922 8858 8798 8663 8512 8402 8415
8429 8444 8529 8514 8581 8553 8623 8674 8708 8691 8514 8287 8204 8100 7971 7885 7890 7928 7954 8049 8182 8182 8146 8121 8127 8127 8164 8202 8278 8290 8361 8346 8346 8363 8410 8423 8410 8396 8384 8377 8416 8521 8618 8510 8497 8526 8584 8508 8500 8559 8592 8618 8627 8703 8736 8820 8839 8898 8953 8974
8961 8948 8964 8994 9113 9174 9215 9195 9204 9168 9117 9100 9126 9076 9076 9108 9084 9083 9038 9074 9066 9068 9110 9125 9216 9214 9253 9175 9170 9156 9153 9148 9077 9031 9113 9081 9100 9134 9174 9130 9146 9150 9103 9150 9033 9010 9057 9092 9091 9052 9045 9051 9053 9099 9056 9032 8919 8894 8966 8942
8852 8852 8848 8829 8815 8812 8859 8907 8821 8813 8804 8821 8843 8899 8932 9042 9023 8949 8923 8939 9232 9376 9489 9514 9626 9598 9607 9577 9503 9357 9187 9091 9017 8958 8949 9001 9026 9088 8963 8944 8912 9043 9037 9046 9173 9154 9183 9303 9288 9272 9279 9316 9287 9255 9214 9235 9234 9312 9322 9310
9366 9390 9380 9437 9452 9470 9483 9461 9486 9396 9145 9109 9083 9004 8940 9017 9007 9059 9157 9315 9455 9380 9372 9435 9384 9306 9423 9479 9380 9388 9363 9347 9335 9333 9323 9271 9282 9264 9155 9111 9097 9121 9062 9144 9119 9196 9228 9261 9323 9246 9206 9163 9198 9176 9201 9228 9267 9248 9313 9351
9413 9445 9448 9440 9378 9343 9357 9333 9393 9409 9353 9359 9407 9405 9338 9326 9351 9365 9327 9325 9354 9349 9349 9341 9340 9369 9318 9290 9259 9275 9223 9330 9345 9417 9435 9424 9371 9410 9372 9425 9427 9494 9436 9389 9354 9354 9331 9286 9317 9301 9337 9278 9257 9295 9310 9293 9332 9380 9330 9314
9271 9285 9341 9333 9312 9340 9314 9258 9270 9317 9397 9369 9386 9417 9407 9366 9353 9334 9301 9361 9390 9466 9515 9414 9398 9414 9391 9386 9501 9413 9456 9430 9507 9673 9860 10036 10136 10213 10185 10079 10078 9949 9932 9750 9612 9654 9574 9526 9483 9553 9625 9696 9714 9760 9759 9737 9700 9571 9583 9534
9576 9546 9555 9500 9401 9314 9267 9206 9227 9301 9297 9320 9380 9481 9593 9571 9635 9620 9675 9658 9657 9591 9551 9536 9494 9508 9477 9452 9410 9368 9406 9466 9450 9469 9417 9416 9480 9541 9585 9547 9508 9418 9396 9408 9477 9507 9474 9480 9463 9479 9503 9562 9510 9517 9540 9579 9544 9638 9610 9556
9633 9620 9669 9661 9716 9740 9745 9650 9628 9713 9726 9777 9777 9825 9854 9854 9821 9879 9875 9917 9992 9981 9880 9877 9915 9930 9956 10029 10104 10093 10071 10101 10134 10151 10111 9985 9996 9997 9953 9971 9964 9982 9951 9963 10017 9969 9982 10069 10105 10105 10164 10127 9973 9981 9900 9916 9860 9733 9784 9830
9820 9787 9791 9867 9895 9931 9963 9973 9923 9896 9907 9874 9931 9862 9883 9937 9933 9898 9999 9878 9902 9876 9889 9919 9935 9867 9959 9998 10023 10047 10009 10009 10212 10347 10410 10473 10541 10613 10699 10584 10514 10455 10252 10175 10152 10237 10205 10233 10216 10225 10356 10421 10440 10450 10396 10351 10388 10400 10375 10342
10388 10211 10071 10032 10008 9919 9887 9899 9994 10121 10218 10339 10425 10443 10437 10457 10471 10428 10519 10532 10588 10575 10616 10670 10714 10724 10755 10748 10798 10821 10798 10656 10656 10642 10672 10704 10708 10720 10817 10890 10939 10973 11033 10932 10933 10912 10839 10769 10883 10947 10965 10984 10917 10894 10849 10862 10866 10866 10927 10926
10830 10871 10931 10964 11011 10979 10958 10881 10832 10808 10815 10846 10930 10940 10967 10899 10877 10832 10796 10787 10771 10733 10662 10618 10527 10557 10531 10617 10701 10701 10714 10827 10743 10733 10733 10736 10713 10795 10783 10721 10712 10708 10658 10639 10578 10606 10706 10776 10779 10818 10869 10926 11007 11090 11059 11142 11100 11131 11123 11075
11006 11083 11074 11004 10954 10983 10923 10971 10882 10827 10826 10827 10699 10684 10707 10798 10969 11060 11165 11282 11411 11485 11547 11476 11450 11321 11135 10976 10997 10997 11003 11003 10982 11016 10957 10939 10868 10888 10816 10871 11017 11023 10963 10942 10914 10876 10949 10909 10909 10899 10877 10914 10975 10933 11020 11050 10944 10940 10924 10804
10736 10777 10750 10634 10673 10582 10570 10574 10520 10500 10374 10370 10356 10373 10386 10389 10487 10515 10523 10610 10670 10658 10685 10725 10696 10732 10639 10596 10573 10605 10655 10656 10678 10616 10596 10604 10656 10646 10598 10627 10690 10456 10297 10251 10163 10138 10064 10026 10071 10097 10234 10441 10480 10454 10485 10459 10439 10477 10464 10452
10513 10568 10539 10616 10621 10613 10623 10598 10565 10580 10629 10585 10633 10563 10595 10540 10627 10738 10725 10696 10640 10595 10546 10502 10468 10478 10526 10586 10581 10617 10634 10650 10713 10720 10746 10834 10807 10840 10811 10766 10797 10831 10819 10850 10823 10778 10799 10786 10742 10732 10833 10764 10791 10806 10825 10846 10733 10746 10716 10705
10705 10680 10594 10609 10639 10515 10555 10607 10560 10635 10605 10668 10617 10675 10677 10686 10717 10794 10881 10860 10818 10918 11060 11108 11173 11235 11279 11258 11188 11163 11110 10899 10752 10776 10686 10735 10735 10738 10685 10715 10714 10620 10620 10618 10588 10570 10573 10614 10539 10590 10585 10561 10503 10596 10620 10616 10669 10616 10556 10590
10644 10583 10625 10659 10591 10573 10539 10512 10490 10435 10488 10377 10312 10287 10330 10334 10283 10210 10111 10010 10091 10136 10190 10188 10158 10191 10289 10228 10235 10145 10108 10076 10083 10100 10150 10189 10204 10226 10199 10178 10151 10169 10183 10036 9988 9917 9784 9712 9752 9760 9775 9946 9997 10161 10290 10322 10323 10212 10220 10196
10162 10126 10053 9992 9906 9881 9947 9911 9875 9814 9878 9791 9743 9838 9858 9832 9736 9743 9792 9758 9895 9869 9835 9811 9841 9872 9880 9874 9940 9923 9951 9979 10045 10014 9938 9925 9998 10021 9989 10015 10042 9996 10011 10079 10056 9971 9955 9948 9981 9959 9902 9970 10014 9965 9858 9824 9858 9771 9799 9799
9905 9846 9802 9772 9881 9858 9849 9863 9858 9905 9912 9975 9925 9839 9788 9681 9899 10020 10121 10226 10286 10364 10391 10335 10252 10198 10129 9980 9991 9991 9993 10079 10047 10065 10070 10045 9982 10076 10077 10055 10053 10126 10119 10135 10195 10247 10275 10312 10315 10352 10360 10345 10399 10482 10514 10553 10533 10546 10494 10395
10365 10309 10354 10142 10064 10057 10039 9929 9818 9801 9774 9838 9932 10082 10232 10244 10216 10255 10272 10238 10243 10182 10179 10111 10104 10124 10106 10129 10204 10268 10235 10267 10234 10222 10214 10212 10258 10379 10431 10407 10407 10392 10402 10405 10405 10345 10370 10346 10412 10367 10408 10454 10443 10504 10520 10517 10585 10695 10722 10741
10696 10666 10719 10748 10682 10638 10612 10572 10565 10589 10610 10575 10582 10607 10611 10655 10695 10755 10746 10761 10774 10808 10804 10809 10823 10801 10809 10819 10797 10760 10771 10777 10786 10762 10658 10676 10674 10711 10709 10663 10574 10670 10671 10677 10758 10758 10673 10574 10517 10423 10415 10438 10457 10470 10513 10540 10577 10558 10609 10701
10781 10786 10762 10734 10946 11086 11146 11321 11368 11417 11472 11410 11313 11265 11256 11091 11069 11101 11111 11145 11136 11157 11222 11256 11271 11296 11293 11333 11287 11241 11218 11216 11131 11173 11170 11103 11063 11065 11050 11064 11097 11075 11121 11096 11077 11013 10923 10940 10964 10983 10926 10937 11008 10969 10955 11022 11019 11016 11001 11045
11033 11120 11155 11089 11061 11009 10934 10841 10854 10872 10835 10806 10735 10742 10694 10780 10810 10894 10856 10827 10884 10913 10950 10818 10797 10717 10687 10705 10790 10719 10692 10716 10655 10670 10643 10562 10559 10625 10571 10592 10626 10647 10551 10465 10349 10310 10288 10290 10282 10375 10449 10592 10673 10866 10946 10960 10951 10938 10911 11011
11012 11050 11020 11108 11020 10983 10973 11017 11097 11197 11253 11297 11268 11298 11389 11480 11429 11480 11456 11565 11551 11519 11432 11431 11329 11389 11456 11530 11462 11515 11486 11449 11393 11393 11402 11444 11365 11401 11445 11503 11534 11514 11493 11445 11501 11479 11487 11534 11561 11496 11475 11388 11437 11452 11486 11474 11447 11414 11446 11363
11347 11352 11339 11292 11245 11286 11298 11332 11431 11509 11598 11585 11568 11433 11292 11253 11136 11021 11048 11008 10975 10927 10958 10872 10923 10871 10877 10938 10902 10916 10844 10807 10844 10949 10923 10882 10888 11003 10992 11035 11143 11085 11054 11159 11157 11106 11180 11126 11150 11207 11233 11259 11382 11333 11389 11418 11311 11327 11307 11298
11305 11363 11383 11290 11328 11344 11379 11351 11391 11347 11253 11240 11188 11251 11226 11143 11076 11065 11090 11114 11178 11184 11143 11022 10876 10752 10727 10712 10700 10747 10753 10837 11009 11166 11271 11271 11249 11290 11276 11251 11258 11232 11232 11250 11274 11268 11301 11301 11268 11219 11301 11318 11386 11373 11314 11282 11235 11296 11287 11286
11203 11231 11214 11240 11183 11208 11243 11206 11370 11378 11408 11373 11426 11473 11488 11489 11518 11590 11609 11611 11683 11741 11809 11807 11759 11752 11830 11798 11780 11765 11799 11746 11747 11757 11770 11775 11820 11789 11837 11849 11878 11891 11843 11907 11860 11903 11973 12035 12063 12067 12100 12159 12172 12232 12208 12118 12043 12007 11964 11933
11957 11948 11887 11954 11903 11927 11898 11951 11938 12004 11964 12126 12123 12279 12360 12450 12408 12355 12257 12240 12129 11951 11785 11811 11769 11672 11678 11654 11626 11645 11649 11617 11560 11525 11460 11528 11606 11621 11648 11651 11623 11679 11697 11710 11748 11607 11573 11587 11618 11650 11705 11700 11663 11624 11580 11614 11572 11553 11502 11570
11590 11655 11684 11724 11830 11834 11834 11844 11831 11871 11907 11925 11951 11991 12001 12088 12105 12128 12128 12103 12094 12170 12028 11862 11760 11651 11659 11686 11754 11764 11943 12001 12191 12320 12256 12236 12274 12221 12196 12224 12168 12127 12095 12125 12113 12141 12202 12218 12159 12130 12143 12158 12136 12124 12151 12163 12204 12299 12268 12288
12313 12263 12352 12360 12381 12372 12427 12401 12505 12533 12634 12587 12672 12619 12653 12657 12733 12678 12687 12556 12513 12553 12525 12572 12547 12527 12580 12537 12433 12464 12466 12431 12417 12394 12414 12459 12429 12489 12525 12525 12521 12590 12547 12577 12557 12576 12597 12601 12614 12706 12687 12697 12689 12658 12647 12642 12633 12662 12651 12663
12666 12621 12557 12541 12507 12497 12470 12562 12624 12579 12612 12623 12663 12683 12683 12662 12656 12637 12629 12612 12606 12717 12655 12694 12720 12794 12811 12797 13024 13079 13214 13331 13428 13499 13555 13457 13433 13230 13057 12870 12788 12647 12691 12654 12575 12577 12616 12601 12508 12482 12526 12562 12495 12357 12371 12348 12316 12373 12428 12349
12337 12327 12273 12195 12257 12292 12181 12145 12205 12216 12103 12179 12196 12093 12093 11985 12034 12062 12140 12163 12167 12160 12193 12239 12218 12197 12198 12123 12198 12223 12195 12147 12197 12236 12154 12099 12112 12153 12109 12169 12021 11961 11857 11795 11709 11697 11635 11632 11784 11878 11951 12158 12145 12132 12173 12177 12204 12340 12296 12312
12332 12349 12357 12304 12284 12327 12365 12373 12377 12458 12488 12508 12510 12514 12482 12473 12442 12402 12414 12424 12372 12387 12286 12253 12163 12146 12146 12166 12130 12079 12127 12247 12245 12238 12252 12362 12387 12402 12451 12519 12472 12493 12511 12573 12646 12686 12724 12666 12694 12681 12727 12659 12643 12644 12623 12655 12580 12612 12600 12692
12755 12776 12789 12799 12751 12738 12763 12737 12921 13075 13144 13244 13206 13268 13250 13227 13109 13144 12960 12818 12895 12896 12871 12898 12993 12962 12927 12911 12970 12997 12899 12835 12907 12994 13031 13053 12943 12906 12956 12948 12867 12900 12838 12827 12886 12855 12870 12830 12869 12889 12841 12908 12880 12891 12952 12922 12898 12912 12872 12851
12837 12858 12842 12852 12846 12902 12953 12915 12883 12970 12995 13014 12982 12994 13087 13113 13191 13124 13174 13049 12871 12808 12624 12624 12618 12629 12650 12705 12858 13080 13182 13085 13142 13185 13135 13176 13246 13209 13160 13185 13213 13239 13263 13235 13254 13171 13198 13258 13228 13228 13257 13366 13377 13273 13229 13298 13311 13420 13343 13418
13400 13386 13453 13453 13467 13383 13340 13356 13304 13320 13289 13345 13367 13441 13519 13621 13738 13752 13791 13824 13808 13817 13691 13657 13629 13716 13787 13788 13887 13867 13914 13972 13916 13941 13961 13880 13799 13784 13748 13858 13930 13900 13809 13810 13777 13805 13856 13896 13960 13921 13917 13859 13893 13883 13864 13919 14000 13975 13944 14045
14043 13995 13947 13972 13972 14043 14171 14175 14234 14234 14177 14126 14150 14180 14204 14237 14247 14340 14392 14461 14564 14673 14595 14596 14625 14638 14527 14409 14249 14212 14178 14138 14120 14100 14148 14123 14069 14138 14119 14256 14280 14285 14383 14387 14382 14437 14376 14326 14313 14254 14315 14254 14224 14226 14199 14307 14318 14356 14287 14225
14240 14345 14397 14290 14292 14208 14089 14065 14102 14140 14230 14123 14059 14105 14074 14010 13961 14034 14043 14024 14038 13963 13817 13646 13601 13514 13469 13485 13492 13538 13642 13732 13852 13839 13823 13830 13852 13808 13772 13759 13774 13814 13841 13841 13818 13790 13842 13806 13879 13965 13953 13972 13975 13916 13972 13938 13984 13984 13924 13904
13937 13971 13955 13942 13923 13796 13880 13938 13958 13940 13937 13886 13937 13974 13985 14008 14077 14079 14072 14073 14022 14040 14126 14131 14217 14131 14108 14128 14066 14110 14226 14337 14426 14436 14377 14456 14401 14321 14341 14361 14418 14397 14424 14434 14405 14344 14287 14276 14253 14192 14195 14201 14177 14273 14279 14162 14162 14161 14139 14071
14182 14170 14216 14257 14252 14190 14229 14198 14206 14241 14189 14036 13991 13939 13878 13934 13878 13903 13921 14005 13994 13950 13933 13888 13860 13844 13814 13678 13600 13607 13631 13634 13610 13732 13788 13834 13851 13959 13932 14069 14171 14263 14276 14322 14356 14314 14337 14234 14135 13966 13846 13901 13834 13761 13753 13716 13752 13766 13731 13793
13803 13731 13812 13765 13766 13710 13610 13647 13723 13718 13713 13746 13710 13727 13767 13756 13769 13778 13802 13790 13749 13818 13927 13952 13948 13913 13900 13932 13992 13984 14012 14017 14067 13997 14001 14036 14045 14109 14037 13984 14075 14091 14109 14074 14052 13951 13814 13675 13569 13498 13372 13369 13363 13447 13570 13675 13803 13932 13938 13999
14055 14005 14003 14108 14035 14095 14019 13997 13958 13980 13949 14018 14009 14052 14056 14161 14123 14099 14102 14062 14129 14063 13988 13927 13940 13901 13890 13776 13780 13896 13935 13993 14006 13926 13949 13989 14018 14003 13993 13983 13969 14032 14023 13920 13897 13886 13839 13845 13848 13801 13802 13807 13859 13866 13892 13872 13889 13841 13846 13801
13773 13879 13995 13955 13983 14039 13982 14024 13989 14048 14097 14140 14313 14402 14446 14531 14553 14556 14581 14488 14492 14338 14247 14241 14262 14282 14201 14171 14221 14156 14232 14217 14220 14179 14275 14282 14338 14353 14264 14345 14313 14265 14287 14357 14337 14256 14257 14177 14201 14180 14248 14278 14338 14281 14308 14309 14309 14260 14320 14319
14326 14298 14277 14248 14187 14142 14126 14043 14122 14087 14125 14125 14142 14225 14230 14208 14273 14303 14302 14250 14300 14320 14362 14396 14370 14368 14396 14502 14491 14514 14620 14646 14702 14764 14751 14692 14635 14545 14376 14304 14232 14280 14328 14385 14538 14648 14804 14868 14895 14929 14929 14966 14951 14924 14928 14968 14957 14885 14819 14866
14886 14870 14847 14786 14720 14692 14653 14676 14639 14610 14625 14617 14634 14576 14615 14588 14614 14626 14700 14705 14732 14721 14755 14785 14751 14748 14718 14716 14681 14745 14719 14756 14777 14742 14737 14792 14773 14732 14689 14690 14724 14775 14793 14766 14822 14797 14802 14815 14802 14831 14833 14856 14836 14831 14908 14976 14947 14881 14835 14835
14860 14825 14777 14771 14752 14772 14833 14875 15013 15072 15305 15370 15380 15402 15405 15377 15280 15151 15060 14923 14931 15008 14982 15010 15081 15148 15107 15156 15241 15233 15216 15296 15304 15340 15386 15390 15329 15387 15410 15402 15413 15438 15464 15458 15481 15470 15477 15480 15368 15415 15346 15267 15233 15193 15212 15250 15280 15215 15299 15364
15369 15385 15314 15343 15332 15404 15343 15291 15340 15369 15276 15230 15197 15233 15204 15179 15099 15158 15113 15086 15162 15292 15297 15231 15209 15197 15201 15195 15156 15159 15099 15058 15023 14907 14787 14683 14568 14479 14406 14424 14412 14545 14722 14837 15053 15060 15005 15071 15061 14991 15029 15070 15117 15186 15263 15357 15318 15320 15370 15421
15454 15383 15376 15420 15407 15467 15558 15618 15622 15646 15553 15488 15549 15547 15581 15610 15655 15668 15656 15717 15754 15750 15779 15827 15796 15876 15883 15994 16006 15994 16026 15988 16010 16046 16088 16066 16092 16062 16041 16070 16136 16142 16244 16248 16257 16246 16243 16230 16230 16303 16315 16360 16377 16427 16447 16442 16346 16312 16324 16382
16386 16371 16388 16376 16397 16389 16463 16503 16542 16537 16542 16601 16631 16736 16723 16717 16702 16936 17000 17124 17137 17186 17166 17134 17121 16962 16807 16661 16531 16600 16585 16583 16547 16614 16614 16583 16638 16637 16595 16608 16558 16567 16655 16676 16648 16680 16785 16798 16737 16685 16738 16727 16755 16737 16642 16655 16682 16708 16708 16774
16729 16645 16604 16508 16522 16511 16529 16548 16515 16552 16560 16559 16534 16619 16603 16514 16428 16324 16281 16189 16252 16291 16317 16392 16564 16691 16799 16815 16862 16826 16807 16801 16774 16733 16782 16798 16874 16833 16857 16857 16880 16836 16747 16760 16727 16757 16786 16843 16783 16778 16807 16877 16892 16929 17010 17045 17065 17080 17050 17045
17061 17046 16981 16973 17063 17049 17012 16929 16914 16949 16958 16942 17004 16979 16997 17097 17162 17085 17094 17022 17018 17013 17042 17154 17082 17136 17126 17109 17228 17233 17230 17230 17217 17339 17362 17351 17318 17325 17385 17435 17409 17416 17380 17446 17462 17391 17436 17417 17364 17340 17335 17285 17345 17364 17345 17403 17421 17414 17380 17365
17328 17407 17385 17406 17500 17500 17492 17596 17595 17620 17640 17675 17659 17710 17711 17716 17646 17571 17561 17495 17556 17571 17580 17517 17423 17381 17409 17378 17339 17399 17309 17343 17351 17453 17474 17614 17658 17731 17654 17698 17646 17659 17650 17624 17627 17710 17910 18059 18194 18236 18322 18363 18232 18128 18040 17923 17755 17712 17714 17692
17675 17655 17719 17785 17804 17842 17815 17947 18041 18039 18067 18139 18217 18121 18137 18206 18171 18083 18011 18006 18029 18092 17917 17808 17684 17574 17525 17497 17398 17560 17560 17634 17706 17867 17849 17861 17852 17867 17970 18041 18036 18090 18063 18078 18108 18079 18119 18214 18255 18210 18286 18322 18254 18309 18269 18237 18251 18251 18330 18371
18334 18343 18291 18254 18248 18288 18283 18351 18371 18347 18246 18273 18194 18162 18247 18201 18216 18119 18135 18072 18119 18176 18095 18081 18041 18094 18102 18055 18067 18151 18136 18113 18138 18108 18110 18030 18028 18079 18087 18051 18078 18038 18097 18157 18228 18275 18289 18340 18352 18344 18380 18363 18289 18367 18343 18377 18406 18384 18445 18404
18384 18393 18376 18492 18554 18692 18773 18902 18980 18952 18952 19018 18978 18904 18819 18684 18506 18562 18608 18671 18647 18586 18635 18594 18603 18617 18516 18489 18473 18385 18398 18434 18389 18387 18351 18299 18303 18303 18292 18359 18361 18398 18472 18427 18472 18441 18456 18403 18395 18400 18411 18499 18538 18367 18344 18312 18318 18365 18348 18358
18426 18389 18406 18311 18426 18422 18475 18458 18412 18321 18326 18379 18419 18480 18393 18433 18341 18211 18085 18005 17977 18012 17981 18005 18123 18135 18263 18359 18377 18427 18382 18378 18376 18368 18429 18486 18589 18541 18528 18532 18559 18431 18563 18572 18595 18596 18618 18641 18553 18464 18438 18424 18423 18570 18557 18615 18657 18669 18584 18694
18600 18639 18623 18687 18697 18818 18823 18867 18831 18827 18780 18789 18849 18816 18744 18792 18757 18708 18644 18604 18580 18690 18604 18558 18627 18687 18734 18715 18707 18690 18673 18716 18769 18739 18695 18763 18809 18775 18787 18745 18789 18740 18804 18828 18837 18832 18816 18779 18784 18778 18812 18867 18830 18767 18752 18697 18745 18686 18605 18634
18626 18630 18618 18567 18591 18610 18634 18619 18682 18663 18715 18787 18855 18986 19111 19239 19281 19325 19260 19189 19032 18918 18828 18623 18631 18670 18641 18622 18545 18512 18489 18505 18408 18426 18467 18362 18323 18363 18391 18367 18368 18356 18374 18413 18396 18432 18378 18428 18457 18476 18555 18501 18507 18479 18563 18620 18598 18597 18575 18590
18621 18597 18532 18505 18531 18491 18423 18435 18460 18380 18299 18252 18299 18168 17961 17822 17718 17718 17750 17797 17867 17916 18085 18223 18303 18343 18242 18325 18299 18289 18255 18270 18287 18311 18386 18354 18354 18326 18319 18302 18305 18197 18252 18248 18316 18332 18419 18453 18438 18502 18519 18530 18592 18578 18584 18525 18489 18576 18633 18549
18568 18547 18527 18527 18527 18614 18568 18653 18718 18697 18673 18610 18612 18651 18683 18717 18690 18638 18652 18687 18744 18718 18762 18821 18778 18759 18731 18682 18703 18654 18634 18582 18619 18585 18524 18476 18476 18473 18508 18514 18498 18585 18519 18512 18493 18556 18640 18695 18722 18754 18751 18808 18855 18862 18894 18956 18876 18849 18879 18880
18792 18829 18859 18842 18869 18826 18897 18849 18847 18861 18924 18944 18946 18889 18908 18898 18847 18848 18868 18830 18809 18881 18854 18838 18766 18938 19071 19093 19173 19174 19233 19271 19165 19072 18945 18816 18689 18696 18693 18631 18536 18509 18471 18443 18538 18481 18571 18560 18507 18507 18590 18604 18639 18696 18746 18751 18798 18782 18765 18768
18712 18746 18727 18682 18712 18575 18450 18402 18360 18313 18270 18275 18281 18424 18390 18520 18684 18658 18765 18710 18664 18704 18685 18648 18711 18730 18693 18687 18637 18675 18647 18636 18672 18642 18648 18647 18647 18653 18569 18483 18481 18488 18427 18410 18364 18311 18270 18277 18308 18363 18377 18425 18444 18379 18361 18324 18400 18355 18453 18393
18376 18370 18328 18319 18321 18464 18460 18511 18491 18462 18468 18453 18437 18437 18427 18413 18457 18489 18496 18535 18537 18515 18498 18601 18646 18691 18725 18771 18791 18784 18778 18803 18759 18756 18756 18808 18816 18807 18807 18855 18786 18762 18714 18754 18790 18796 18818 18755 18792 18765 18713 18675 18744 18763 18700 18780 18780 18743 18691 18733
