0 0 13 31 -13 15 -1 75 134 218 293 289 341 291 306 305 337 266 200 131 103 131 119 150 157 175 212 282 274 252 292 317 452 510 506 487 511 550 586 628 679 679 566 632 726 658 652 692 689 665 675 620 645 630 653 780 734 781 809 881
835 906 960 918 871 824 822 882 945 904 931 971 934 1026 1009 937 868 924 942 931 931 918 1118 1309 1439 1499 1593 1563 1553 1479 1429 1265 1222 1056 1178 1217 1262 1268 1345 1325 1227 1234 1253 1267 1289 1242 1178 1188 1325 1234 1188 1161 1128 1102 1150 1142 1194 1097 1059 1067
1118 1030 1050 1029 1033 1003 958 1057 1095 1141 1039 1012 1045 1060 1030 1004 1022 937 944 943 926 891 902 833 852 912 893 952 916 785 693 621 645 617 673 669 717 705 806 947 1086 1088 1062 1093 1125 1089 982 993 989 1044 1063 1099 1188 1230 1291 1139 1131 1079 1154 1085
1178 1164 1217 1162 1154 1130 976 1003 999 1000 979 927 1081 1041 1034 1064 1053 1045 1072 1102 1189 1252 1227 1284 1274 1266 1252 1171 1149 1185 1182 1133 1163 1185 1242 1276 1208 1259 1275 1362 1278 1287 1304 1355 1317 1244 1226 1259 1294 1291 1351 1346 1375 1381 1405 1389 1360 1278 1288 1353
1450 1442 1398 1322 1336 1360 1370 1374 1390 1354 1326 1388 1397 1516 1639 1761 1927 1962 1904 1958 1945 1829 1679 1488 1376 1386 1368 1329 1350 1340 1334 1334 1351 1301 1334 1430 1440 1480 1445 1385 1339 1345 1279 1318 1358 1323 1232 1246 1274 1309 1344 1334 1386 1377 1450 1536 1584 1596 1679 1760
1694 1639 1689 1662 1705 1700 1762 1816 1888 1918 1949 1925 1986 1928 1945 1956 1935 1983 1949 1975 1925 1885 1821 1796 1825 1855 1924 1976 2075 1956 1791 1659 1555 1514 1573 1612 1593 1644 1757 1861 1925 2047 2064 2110 2158 2173 2204 2162 2146 2228 2243 2278 2305 2305 2266 2269 2316 2391 2315 2322
2407 2531 2482 2547 2526 2570 2648 2677 2723 2741 2818 2823 2847 2803 2813 2845 2826 2811 2868 2948 2948 2970 2934 2992 2983 3008 3046 3007 2952 2992 2987 2965 2876 2902 2882 2882 2944 2963 2944 2905 2959 2992 3022 3022 3091 3101 3149 3164 3096 3077 3093 3081 3112 3170 3188 3156 3100 3125 3072 3098
3103 3137 3121 3125 3139 3132 3121 3052 3035 3032 3069 3115 3112 3056 3051 3057 3049 2989 3000 3027 3131 3095 3151 3080 3017 3009 3007 3079 3070 3035 3036 3090 3102 3057 3002 3040 3076 3078 3060 3052 3093 3093 3027 3027 3083 3032 3103 3247 3377 3448 3565 3649 3646 3542 3441 3270 3131 3007 2939 2963
2944 2943 2874 2933 2890 2946 2938 2884 2885 2830 2853 2798 2814 2808 2764 2801 2767 2726 2787 2746 2795 2783 2794 2798 2858 2853 2812 2789 2767 2837 2868 2846 2834 2823 2776 2788 2812 2829 2901 2874 2846 2821 2878 2947 3068 2852 2779 2710 2566 2571 2528 2486 2636 2712 2779 2919 2992 3017 3040 3022
3049 3035 3026 3077 2992 3014 3032 2964 3043 3018 3044 3045 3059 2984 2920 2903 2946 2873 2935 2900 2832 2782 2738 2663 2744 2733 2724 2761 2663 2787 2903 2850 2800 2821 2784 2745 2721 2725 2786 2792 2754 2770 2736 2812 2836 2891 2887 2817 2769 2797 2713 2720 2741 2737 2779 2817 2884 2983 3032 2923
3055 3025 3026 3080 3172 3131 3164 3198 3255 3261 3331 3435 3479 3446 3422 3389 3384 3387 3441 3444 3469 3464 3410 3349 3378 3378 3276 3317 3292 3202 3202 3193 3258 3254 3249 3311 3348 3396 3445 3397 3386 3398 3409 3464 3487 3421 3479 3659 3688 3791 3949 4077 4125 4151 4095 4013 3978 3923 3842 3725
3651 3692 3734 3706 3783 3771 3715 3718 3783 3767 3757 3782 3734 3649 3699 3652 3672 3622 3483 3463 3306 3254 3272 3249 3206 3358 3413 3539 3729 3743 3749 3755 3736 3810 3793 3836 3826 3816 3855 3867 3915 3887 3887 3949 3992 3989 3947 3910 3852 3882 3917 3900 3869 3890 3841 3843 3939 4017 4036 3930
3917 3957 4000 3987 4008 4025 3992 3920 3873 3859 3832 3832 3809 3821 3798 3759 3707 3692 3692 3724 3775 3752 3722 3747 3746 3733 3752 3766 3744 3706 3706 3743 3745 3755 3799 3682 3577 3585 3603 3688 3776 3793 3776 3905 3934 3922 3952 3881 3882 3835 3844 3826 3826 3826 3862 3819 3869 3825 3738 3835
3880 3930 3970 4013 4019 4148 4066 4021 4080 4104 3977 4081 4097 4054 4095 4174 4088 4087 4076 4075 4112 4086 4100 4071 4210 4399 4549 4643 4755 4816 4832 4713 4616 4542 4404 4311 4314 4318 4282 4345 4350 4314 4367 4390 4304 4406 4487 4481 4435 4442 4371 4309 4282 4325 4419 4448 4415 4424 4490 4437
4443 4477 4567 4575 4573 4616 4580 4695 4693 4721 4702 4638 4725 4809 4825 4816 4898 4906 4952 4992 5001 4960 4993 5015 5060 5030 5077 5077 5122 5114 5092 5119 5141 5171 5163 5184 5047 4890 4846 4850 4767 4765 4799 4899 4944 5091 5173 5312 5449 5532 5555 5555 5511 5503 5597 5607 5598 5638 5539 5514
5563 5555 5567 5557 5531 5527 5517 5425 5462 5582 5550 5644 5590 5672 5652 5632 5645 5643 5647 5646 5604 5660 5675 5735 5699 5700 5650 5635 5629 5586 5575 5569 5575 5611 5652 5721 5704 5753 5824 5809 5772 5772 5729 5670 5673 5706 5790 5755 5884 5884 6008 6144 6096 6115 6085 6045 6007 6002 6078 6084
6122 6125 6145 6154 6137 6108 5993 6018 6036 6006 5970 5869 5862 5899 5899 5866 5998 6005 5986 5970 5924 5866 5866 5860 5776 5857 5873 5851 5933 6082 6158 6339 6363 6431 6477 6525 6550 6577 6475 6271 6133 6152 6237 6209 6177 6215 6195 6214 6246 6299 6279 6254 6340 6406 6389 6423 6489 6511 6448 6480
6450 6460 6468 6518 6497 6519 6557 6534 6527 6518 6492 6497 6486 6464 6565 6471 6272 6220 6139 6086 6070 6119 6130 6178 6199 6256 6396 6516 6643 6613 6617 6588 6571 6583 6595 6553 6520 6444 6425 6375 6414 6454 6490 6481 6473 6474 6462 6430 6510 6536 6615 6648 6609 6595 6628 6585 6516 6502 6484 6526
6440 6426 6410 6463 6433 6379 6390 6370 6391 6402 6462 6501 6522 6561 6526 6508 6465 6578 6562 6615 6728 6682 6607 6489 6476 6431 6417 6413 6358 6301 6329 6252 6265 6310 6318 6301 6258 6354 6379 6394 6399 6416 6415 6362 6291 6330 6342 6390 6396 6430 6439 6510 6410 6438 6398 6362 6367 6408 6444 6407
6380 6366 6354 6353 6321 6258 6317 6504 6624 6742 6840 6867 6872 6938 6989 6930 6803 6629 6595 6599 6660 6619 6627 6628 6628 6699 6776 6749 6783 6878 6928 6940 6996 6963 6932 6873 6919 6912 6957 7021 7037 7050 7090 7159 7193 7247 7178 7230 7265 7272 7329 7345 7342 7340 7357 7320 7242 7220 7220 7169
7128 7207 7150 7163 7169 7088 7126 7162 7158 7194 7268 7256 7224 6980 6829 6762 6735 6722 6592 6561 6600 6622 6661 6851 7056 7070 7102 7162 7088 7068 7021 7107 7096 7084 7127 7077 7095 7073 7101 7105 7148 7118 7104 7030 6974 6921 6958 7026 7014 7001 6976 6954 6943 6929 6893 7018 7035 7006 7033 7025
7048 6987 7004 6997 7043 7029 7034 7104 7092 7118 7121 7141 7117 7111 7104 7120 7127 7149 7185 7122 7026 6978 6978 6898 6924 6901 6958 6979 7024 7104 7126 7068 7009 6923 6947 6998 7006 6960 7023 6944 7000 6970 6877 6877 6907 6889 6928 6942 7039 7076 7106 7151 7185 7268 7304 7363 7250 7378 7414 7453
7469 7435 7435 7510 7401 7458 7494 7524 7408 7426 7447 7419 7479 7532 7546 7564 7578 7605 7620 7666 7787 7765 7804 7804 7967 8064 8198 8258 8340 8440 8409 8417 8251 8207 8081 7992 8067 8103 8078 8040 8040 8117 8124 8151 8171 8250 8315 8365 8356 8393 8470 8504 8487 8438 8438 8465 8466 8495 8407 8407
8412 8443 8410 8446 8460 8420 8403 8324 8332 8338 8355 8368 8392 8359 8419 8452 8444 8511 8482 8481 8432 8418 8397 8386 8321 8189 8258 8284 8373 8359 8425 8275 8222 8072 8073 8089 8137 8173 8340 8382 8586 8707 8726 8845 8876 8946 8980 8965 9046 9063 9078 9057 9052 9044 9139 9108 9151 9174 9199 9081
9097 9090 9078 9108 9098 9064 9053 9053 8984 9060 9120 9147 9134 9125 9205 9171 9155 9176 9099 9104 9069 9003 9051 9064 9035 9119 9206 9216 9212 9170 9230 9242 9269 9309 9404 9332 9321 9291 9195 9217 9217 9174 9131 9072 9012 8965 9003 8959 8929 8952 8990 8987 8957 8930 8998 8957 8890 8936 8942 8930
8940 8898 8820 8911 8987 8972 9002 9005 9028 9017 9002 9103 9097 9165 9182 9208 9193 9219 9238 9207 9226 9228 9172 9147 9097 9110 9129 9136 9163 9152 9204 9233 9371 9475 9533 9630 9757 9775 9782 9757 9695 9639 9527 9391 9399 9435 9429 9402 9427 9492 9492 9476 9492 9462 9428 9352 9424 9496 9507 9507
9553 9575 9526 9560 9503 9516 9495 9508 9426 9366 9385 9431 9457 9545 9547 9621 9608 9670 9585 9617 9650 9588 9541 9391 9304 9224 9117 9039 9096 9111 9163 9246 9320 9481 9552 9496 9513 9507 9559 9611 9655 9636 9650 9635 9665 9698 9675 9729 9802 9791 9777 9867 9841 9887 9889 9954 9993 10017 9993 9974
10029 9959 9980 10020 10041 10073 10114 10113 10087 10032 10078 10221 10167 10194 10175 10159 10201 10204 10128 10151 10244 10324 10325 10248 10302 10328 10403 10444 10440 10398 10465 10515 10615 10614 10592 10598 10526 10600 10622 10556 10624 10671 10731 10722 10661 10559 10590 10613 10554 10554 10564 10552 10591 10630 10723 10670 10663 10653 10607 10478
10556 10550 10562 10640 10752 10909 11005 11110 11193 11169 11260 11293 11217 11082 10973 10895 10915 10917 10847 10835 10847 10875 10865 10893 10883 10805 10789 10776 10811 10827 10833 10912 11003 10999 11010 10947 11003 10984 10954 10968 10957 10909 10893 10933 10878 10967 10980 11049 11038 11004 11017 10993 10987 11016 11008 11008 11007 11034 11102 11140
11118 11124 11155 11153 11099 11082 11177 11201 11194 11282 11293 11317 11378 11322 11329 11381 11320 11338 11366 11308 11336 11375 11357 11380 11443 11468 11484 11476 11435 11388 11418 11364 11398 11426 11402 11454 11333 11214 11027 11056 10932 10935 10859 10810 10975 11050 11216 11386 11430 11344 11441 11425 11369 11341 11299 11400 11384 11386 11396 11455
11362 11310 11293 11261 11276 11316 11229 11238 11168 11184 11196 11091 11071 11041 11029 11097 11092 11082 11076 11055 11045 11084 11138 11163 11228 11181 11140 11101 11035 11083 11077 11174 11160 11164 11298 11289 11217 11185 11151 11244 11222 11246 11157 11152 11132 11021 10980 10960 10889 10898 10880 10869 10929 10916 10967 10937 10990 11026 10933 11005
10979 10878 10824 10745 10733 10742 10823 10836 10829 10770 10803 10799 10827 10918 10989 11000 11077 10991 10952 10890 10986 10960 10983 11034 11047 11126 11156 11178 11211 11239 11242 11329 11356 11335 11318 11498 11623 11678 11743 11811 11865 11897 11852 11719 11679 11590 11541 11465 11458 11520 11539 11520 11494 11543 11616 11642 11571 11601 11641 11627
11626 11633 11616 11630 11553 11637 11652 11731 11727 11738 11816 11721 11645 11681 11679 11693 11722 11744 11736 11731 11802 11787 11706 11682 11629 11660 11775 11776 11746 11771 11682 11470 11370 11312 11193 11260 11365 11431 11545 11640 11783 11963 11927 11881 11904 11953 12046 12032 11958 12036 12050 12031 12013 12010 11990 12001 11917 11935 11988 12017
12060 12129 12065 12017 12027 12068 12056 12016 12136 12121 12175 12223 12237 12217 12226 12195 12154 12086 12125 12140 12090 12105 12066 12171 12122 12001 11989 11972 11956 11989 12036 12044 12045 12088 12058 12064 12122 12113 12150 12083 12204 12258 12193 12161 12103 12077 12055 12204 12161 12157 12198 12170 12157 12119 12130 12193 12177 12080 12109 12118
12166 12191 12167 12135 12100 12071 11993 12043 12157 12297 12260 12246 12299 12264 12250 12221 12255 12263 12218 12232 12355 12304 12283 12344 12314 12382 12302 12381 12393 12441 12496 12525 12550 12455 12437 12447 12508 12493 12522 12623 12678 12672 12639 12639 12623 12600 12560 12610 12751 12873 12914 12909 12984 12923 12857 12878 12800 12702 12586 12544
12543 12517 12511 12383 12297 12128 12073 11995 12015 12083 12174 12250 12395 12596 12722 12828 12872 12857 12908 12958 12948 12959 12927 12887 12928 12944 12836 12845 12843 12976 12964 12963 12861 12936 12949 12890 12876 12919 12945 12949 12957 12991 13050 13074 13091 13055 13102 13117 13075 13139 13143 13065 13075 13080 13119 13194 13233 13184 13203 13199
13205 13173 13171 13192 13166 13183 13165 13088 13051 13221 13271 13228 13239 13292 13257 13335 13278 13229 13212 13274 13225 13259 13296 13325 13382 13378 13441 13410 13461 13444 13445 13440 13387 13412 13393 13342 13320 13293 13124 13138 13143 13138 13100 13024 12973 13004 12946 12918 13071 13030 12986 13018 13068 13101 13067 13053 13027 13085 13117 13117
13114 13134 13154 13134 13076 13011 13026 13060 13101 13074 13107 13163 13234 13195 13255 13337 13306 13293 13170 13211 13174 13104 13130 13198 13127 13162 13171 13105 13173 13169 13251 13176 13182 13177 13100 13109 13286 13339 13476 13679 13753 13764 13728 13660 13611 13503 13363 13215 13203 13292 13276 13321 13322 13342 13334 13316 13313 13254 13315 13328
13328 13334 13338 13357 13407 13340 13346 13354 13358 13434 13385 13467 13449 13450 13437 13438 13400 13395 13439 13455 13464 13512 13483 13527 13584 13596 13612 13650 13661 13739 13777 13857 13898 13934 13932 13932 13923 13915 13773 13661 13693 13492 13436 13409 13410 13458 13485 13505 13690 13881 13996 13969 13867 13887 13920 13840 13807 13900 13840 13911
13895 13905 13897 13828 13792 13831 13862 13852 13852 13836 13825 13826 13851 13939 13901 13990 13897 13874 13811 13816 13824 13831 13789 13843 13864 13868 13952 13965 13994 13988 14065 14074 14057 14043 14002 14038 14021 14045 14041 14072 14114 14057 14072 14153 14242 14254 14211 14244 14236 14170 14178 14132 14101 14049 13987 13972 13928 13939 13953 13942
13972 13935 14031 14106 14291 14406 14511 14556 14620 14654 14754 14637 14617 14560 14332 14147 14153 14097 14003 14029 14065 13969 14011 13997 14067 14106 14132 14115 14092 14066 14071 14090 14093 14024 13978 13946 14016 13974 13966 13941 13997 14020 14086 14057 14053 14194 14200 14197 14252 14241 14335 14319 14338 14347 14378 14321 14292 14357 14375 14358
14362 14343 14377 14360 14415 14493 14561 14626 14712 14679 14686 14654 14688 14623 14718 14700 14675 14765 14727 14682 14724 14719 14656 14652 14677 14669 14718 14754 14757 14793 14761 14764 14790 14823 14814 14805 14747 14672 14567 14515 14505 14535 14566 14652 14663 14883 15034 15187 15163 15153 15146 15207 15246 15155 15252 15266 15227 15195 15233 15226
15184 15134 15153 15103 15101 15183 15107 15032 14999 14984 14960 14946 14991 14921 14915 14920 14928 15051 15118 15241 15229 15254 15254 15236 15204 15186 15093 15195 15220 15277 15309 15327 15251 15253 15334 15365 15470 15336 15364 15422 15479 15506 15499 15446 15443 15395 15416 15411 15372 15273 15352 15372 15377 15406 15432 15466 15523 15632 15620 15697
15657 15634 15634 15677 15722 15770 15695 15672 15667 15673 15729 15731 15665 15649 15589 15621 15624 15603 15644 15642 15625 15639 15614 15660 15619 15607 15643 15729 15802 15823 15837 15832 15971 15941 15990 15992 16047 16084 16164 16191 16316 16482 16533 16748 16856 16970 16976 16976 17009 16960 16962 16759 16620 16609 16543 16641 16668 16662 16624 16665
16641 16602 16578 16574 16574 16631 16664 16677 16765 16696 16751 16762 16697 16598 16594 16596 16654 16606 16634 16662 16731 16704 16783 16753 16811 16812 16833 16830 16952 17009 16986 17041 17095 17082 17059 17040 16953 17014 16996 16957 16797 16721 16569 16531 16498 16535 16659 16706 16811 16907 16963 17055 17100 17089 17151 17123 17117 17028 16945 16846
16793 16775 16796 16732 16760 16839 16819 16789 16791 16785 16723 16658 16562 16590 16558 16498 16433 16407 16431 16406 16439 16485 16368 16447 16420 16387 16356 16389 16382 16398 16278 16202 16315 16319 16315 16301 16304 16392 16354 16358 16389 16415 16424 16397 16398 16405 16482 16434 16482 16521 16430 16427 16448 16450 16418 16387 16419 16391 16407 16441
16448 16454 16436 16469 16513 16453 16421 16554 16745 16905 17065 17154 17176 17157 17083 17064 16907 16816 16706 16674 16718 16650 16766 16748 16761 16792 16775 16742 16742 16819 16837 16849 16823 16820 16860 16876 16887 16830 16853 16975 16893 16906 16911 16912 16975 16941 16976 17024 17034 17031 17056 17038 17116 17115 17152 17234 17205 17215 17248 17345
17428 17439 17511 17508 17505 17502 17598 17594 17518 17547 17548 17572 17520 17589 17765 17809 17789 17735 17676 17646 17694 17625 17526 17461 17405 17313 17314 17295 17352 17455 17581 17746 17874 17854 17906 17916 17888 17895 17858 17973 18002 18049 17995 17933 17947 17962 17984 17962 17914 17894 17893 17914 17924 17900 17877 17776 17832 17817 17773 17798
17867 17899 17962 17924 17861 17930 17912 17932 17955 17982 17895 17880 17884 17782 17804 17886 17953 17906 17945 17968 17980 17980 17980 17966 17971 17924 17966 17961 17960 18001 17886 17886 17893 17939 17975 17994 17970 17941 17917 18005 18013 18032 18020 18089 17964 17987 17973 17931 17976 17948 18010 18079 18108 18090 18059 18030 17946 17970 18066 18086
18082 18091 18037 18034 18044 18068 18127 18174 18161 18207 18231 18188 18178 18221 18350 18433 18562 18635 18663 18681 18732 18599 18456 18414 18262 18124 18129 18115 18133 18146 18141 18134 18153 18179 18219 18137 18170 18103 18031 18025 18018 18038 18055 18084 18036 18042 17982 17951 17946 17905 17968 17938 17922 17902 17972 18004 18022 18056 17963 17970
17950 17857 17839 17858 17878 17838 17937 18023 18088 18085 18079 18076 18011 18000 18009 17978 17944 17917 17810 17848 17933 18012 17910 17968 17974 17965 17963 17977 18066 18073 18137 18212 18310 18206 18237 18228 18304 18396 18356 18294 18271 18276 18248 18189 18259 18303 18140 18164 18035 17955 18005 17990 18044 18124 18224 18366 18515 18623 18612 18638
18605 18682 18649 18627 18679 18665 18608 18622 18691 18738 18684 18695 18723 18699 18767 18691 18621 18650 18672 18675 18686 18687 18766 18814 18879 18951 18989 18930 19020 19032 19069 19016 19011 19071 19133 19168 19261 19293 19253 19285 19318 19302 19362 19275 19293 19381 19465 19467 19462 19474 19458 19439 19502 19552 19477 19488 19543 19610 19611 19632
19676 19677 19683 19593 19592 19688 19771 19779 19790 19715 19792 19842 19860 19828 19825 19746 19765 19776 19896 19919 20007 20036 20044 20074 20095 20106 20226 20245 20176 20172 20182 20220 20224 20278 20330 20370 20318 20407 20414 20529 20679 20847 20930 20963 20962 21018 20973 20891 20787 20636 20498 20495 20554 20626 20631 20631 20651 20580 20633 20674
20701 20714 20675 20744 20775 20712 20745 20748 20808 20812 20855 20830 20858 20837 20903 20882 20943 21055 21039 21094 21154 21149 21019 20825 20745 20548 20507 20481 20504 20530 20644 20792 20904 21088 21022 21026 21049 21072 21084 21112 21169 21237 21230 21288 21298 21339 21347 21378 21371 21371 21352 21294 21298 21290 21331 21341 21397 21355 21348 21290
21255 21283 21229 21218 21197 21148 21064 21034 21063 21062 21125 21172 21145 21120 21170 21129 21135 21150 21178 21242 21276 21182 21237 21252 21306 21396 21274 21344 21309 21190 21215 21324 21339 21312 21331 21344 21294 21337 21330 21282 21288 21318 21246 21270 21251 21163 21222 21284 21285 21317 21293 21289 21260 21229 21298 21293 21289 21209 21132 21091
21142 21207 21270 21282 21232 21244 21235 21304 21366 21341 21418 21470 21476 21423 21464 21445 21456 21491 21465 21518 21548 21657 21733 21701 21635 21592 21514 21496 21552 21567 21576 21668 21833 22022 22153 22242 22373 22361 22285 22243 22071 21948 21788 21711 21716 21720 21759 21766 21770 21845 21895 21961 22072 22196 22205 22201 22225 22170 22181 22142
22129 22173 22283 22292 22357 22341 22316 22420 22418 22407 22337 22423 22375 22357 22294 22333 22301 22396 22343 22455 22465 22523 22516 22620 22667 22704 22835 22876 22788 22837 22869 22867 22883 22876 22828 22875 22841 22625 22348 22238 22099 22042 22004 22051 22106 22263 22427 22585 22639 22591 22617 22630 22566 22499 22505 22508 22496 22514 22483 22528
22537 22549 22604 22554 22533 22534 22555 22477 22420 22347 22328 22366 22435 22344 22359 22355 22320 22269 22265 22249 22263 22275 22323 22292 22295 22240 22235 22246 22236 22281 22356 22434 22357 22328 22294 22358 22300 22318 22271 22368 22385 22381 22422 22434 22456 22507 22433 22437 22481 22556 22624 22590 22569 22641 22673 22740 22670 22681 22701 22721
22717 22773 22771 22749 22723 22665 22572 22491 22511 22462 22595 22655 22751 22839 23008 23103 23041 22946 22930 22786 22717 22605 22594 22583 22564 22515 22523 22451 22402 22365 22367 22369 22320 22309 22329 22359 22368 22368 22450 22460 22464 22509 22530 22551 22569 22637 22646 22573 22613 22654 22648 22655 22744 22725 22661 22702 22832 22775 22777 22790
22718 22705 22695 22700 22653 22687 22696 22741 22620 22556 22431 22200 22119 22124 22249 22247 22351 22433 22645 22682 22685 22697 22806 22736 22750 22865 22870 22916 23044 22998 22913 22948 22939 22864 22910 22888 22909 22889 22956 22968 22897 22878 23006 23012 22995 23007 22971 22968 22968 23070 23104 23109 23096 23127 23102 23166 23129 23158 23093 23218
23328 23272 23324 23280 23306 23379 23370 23351 23450 23377 23384 23314 23340 23361 23419 23393 23329 23295 23242 23227 23228 23259 23193 23173 23268 23230 23190 23209 23191 23275 23183 23218 23171 23191 23167 23198 23185 23215 23188 23105 23133 23128 23154 23150 23226 23219 23254 23245 23185 23177 23167 23149 23160 23055 23068 23068 23090 23027 23102 23099
23160 23168 23212 23143 23154 23145 23184 23170 23150 23173 23160 23180 23138 23036 23061 23087 23091 23134 23054 23069 23048 22980 22977 22913 22894 22861 23014 23107 23169 23239 23385 23382 23358 23282 23228 23090 22978 22858 22882 22828 22791 22805 22715 22698 22691 22660 22688 22729 22689 22632 22608 22656 22707 22737 22755 22819 22832 22863 22913 22834
22846 22941 22888 22852 22884 22810 22737 22756 22693 22697 22700 22699 22738 22740 22694 22694 22671 22707 22696 22741 22781 22791 22900 22911 22801 22720 22571 22551 22522 22502 22465 22476 22623 22749 22864 22934 22904 22903 22907 22983 22921 22938 22870 22856 22849 22852 22836 22838 22906 22911 22964 23017 23004 22987 23033 23014 22930 22930 23020 23065
23125 23161 23160 23066 23110 23119 23145 23165 23246 23278 23356 23378 23345 23400 23359 23285 23214 23245 23243 23293 23302 23221 23247 23214 23187 23186 23180 23270 23232 23268 23251 23240 23237 23274 23227 23379 23393 23338 23393 23380 23357 23410 23466 23491 23546 23566 23527 23525 23500 23561 23609 23601 23614 23581 23561 23619 23663 23642 23705 23715
23601 23543 23613 23656 23581 23632 23732 23836 23966 23996 24066 24081 24092 24037 23971 23857 23710 23582 23553 23592 23577 23635 23681 23686 23598 23518 23501 23489 23533 23494 23409 23422 23389 23459 23468 23462 23466 23485 23492 23505 23509 23600 23504 23568 23564 23502 23465 23433 23449 23401 23486 23471 23387 23412 23405 23397 23417 23477 23576 23580
23616 23682 23659 23644 23615 23592 23570 23524 23578 23594 23618 23595 23556 23572 23568 23566 23621 23520 23525 23498 23527 23618 23506 23520 23534 23507 23454 23386 23360 23355 23249 23195 23134 23161 23164 23025 23058 22932 22610 22564 22502 22460 22445 22554 22588 22671 22760 22960 23001 23026 22982 22994 23030 23104 23084 23119 23040 23145 23132 23175
23106 23114 23173 23173 23210 23216 23195 23196 23259 23249 23176 23142 23175 23200 23288 23282 23278 23180 23151 23079 23131 23227 23210 23248 23300 23332 23346 23369 23317 23237 23262 23292 23274 23281 23319 23296 23354 23299 23231 23230 23256 23237 23254 23224 23329 23393 23327 23305 23339 23304 23224 23187 23146 23146 23116 23161 23221 23226 23277 23138
23167 23043 22938 22902 22898 22831 22800 22838 22837 22801 22762 22783 22796 22783 22780 22757 22816 22835 22804 22733 22740 22752 22888 22987 23146 23282 23387 23416 23314 23314 23260 23163 23057 23028 23093 22990 22978 22993 22954 22960 22956 23005 23016 23072 23084 23039 23023 22886 22895 22905 22858 22875 22928 22921 23008 23008 23071 23023 22983 22980
22937 22928 22928 22907 22885 22821 22842 22840 22814 22758 22733 22722 22728 22750 22831 22815 22823 22823 22810 22825 22816 22847 22919 22892 22923 22866 22838 22818 22813 22646 22574 22412 22368 22248 22133 22182 22222 22320 22461 22581 22699 22757 22711 22706 22694 22748 22749 22764 22757 22762 22731 22803 22849 22872 22880 22910 22828 22819 22786 22737
22804 22922 22908 22892 22833 22842 22778 22743 22769 22776 22807 22795 22931 22859 22863 22844 22908 22936 22957 23091 23055 23087 23036 23103 23125 23130 23133 23191 23199 23134 23086 23078 23012 23030 22989 22995 22982 22977 22948 22884 22853 22815 22763 22717 22593 22589 22580 22592 22603 22604 22654 22597 22616 22630 22699 22634 22677 22718 22698 22813
22791 22806 22848 22806 22904 22950 22960 22904 22940 22971 22970 22942 22974 22956 22990 22996 22944 23040 23046 23010 23033 23053 22971 23043 23035 23050 23024 23014 23009 23096 23113 23163 23244 23235 23161 23200 23271 23343 23370 23292 23291 23337 23398 23363 23330 23313 23407 23564 23597 23622 23602 23522 23474 23397 23311 23204 23147 23025 23026 23029
23020 23101 23108 23049 23055 23026 23042 23019 23121 23165 23165 23194 23182 23250 23217 23243 23239 23207 23165 23103 23079 23041 23049 22960 22973 22951 22989 23151 23133 23167 23191 23255 23262 23304 23236 23123 23187 23177 23149 23152 23005 22810 22703 22484 22471 22604 22652 22772 22806 22966 23115 23284 23260 23265 23262 23293 23375 23484 23518 23517
23466 23508 23532 23544 23544 23544 23630 23641 23687 23747 23798 23815 23852 23759 23762 23735 23668 23711 23857 23903 23898 23923 23884 23927 23967 23969 23995 23959 23900 23847 23792 23828 23857 23800 23885 23886 23895 23862 23849 23841 23806 23841 23844 23881 23976 23954 24011 24070 24170 24177 24147 24153 24209 24299 24319 24366 24307 24234 24251 24175
24188 24314 24477 24639 24813 24908 25027 25022 24998 24902 24778 24638 24520 24526 24534 24532 24523 24583 24664 24641 24589 24513 24517 24563 24527 24572 24553 24667 24717 24708 24755 24730 24739 24743 24846 24849 24935 24983 24962 24887 24947 24975 24966 24914 24940 24957 24920 24902 25024 25098 25117 24968 24949 24940 24904 24962 24875 24894 24938 25032
25044 25087 25104 25138 25159 25200 25204 25279 25315 25345 25389 25409 25428 25492 25438 25490 25499 25511 25465 25593 25524 25397 25288 25141 25044 24964 24907 24926 24995 25123 25079 25189 25318 25331 25427 25464 25490 25462 25525 25516 25512 25497 25414 25462 25511 25463 25489 25480 25465 25467 25480 25473 25381 25362 25297 25332 25295 25267 25330 25371
25441 25459 25401 25412 25466 25418 25483 25483 25503 25553 25708 25702 25701 25729 25762 25702 25685 25768 25801 25754 25841 25832 25877 25879 25854 25864 25802 25781 25739 25727 25786 25789 25812 25765 25743 25724 25727 25680 25626 25596 25592 25536 25514 25500 25490 25518 25506 25528 25499 25542 25606 25670 25686 25634 25632 25741 25706 25691 25736 25690
25553 25566 25725 25796 26010 26026 26138 26138 26089 25918 25851 25728 25658 25628 25685 25685 25704 25670 25664 25637 25586 25582 25603 25611 25626 25554 25570 25607 25654 25753 25708 25631 25615 25662 25718 25690 25655 25685 25648 25648 25643 25674 25735 25651 25705 25737 25735 25710 25767 25764 25804 25874 25969 25981 25888 25818 25870 25853 25832 25820
25804 25900 25875 25841 25869 25886 25874 25858 25938 25957 25942 25910 25981 25875 25968 26019 26029 25957 25962 26010 26025 26030 26084 26047 26067 26183 26177 26111 26130 26224 26292 26294 26284 26354 26411 26351 26243 26213 26084 25987 25897 25969 26038 26061 26198 26370 26513 26554 26850 26795 26853 26849 26845 26795 26818 26833 26877 26919 26837 26869
26965 26993 26864 26881 26884 26911 26915 26905 26813 26810 26777 26779 26752 26704 26706 26799 26799 26882 26840 26836 26761 26866 26889 26916 26940 26907 26913 26931 26874 26822 26864 26791 26766 26728 26706 26641 26701 26651 26658 26585 26598 26577 26627 26685 26693 26643 26684 26777 26772 26790 26890 26822 26825 26858 26880 26906 26926 26920 27052 27135
27166 27109 27075 27058 26994 27068 27019 27085 27012 27029 27084 27096 27097 27123 27196 27177 27184 27206 27290 27300 27383 27416 27476 27492 27582 27591 27665 27628 27829 27968 28108 28166 28226 28220 28190 28240 28196 28101 27964 27792 27766 27766 27797 27819 27780 27801 27837 27937 27881 27932 28001 28042 28027 28005 27986 27972 27975 27917 28012 28041
28008 28041 28111 28032 27949 28009 28080 28078 28154 28084 28133 28092 28115 28220 28211 28328 28338 28395 28415 28389 28157 27998 27772 27675 27579 27559 27549 27661 27786 27881 27962 28062 28134 28094 28083 28120 28224 28259 28242 28238 28255 28230 28186 28186 28215 28204 28190 28086 28049 28105 28189 28159 28053 28124 28122 28201 28161 28122 28107 28144
28144 28250 28209 28207 28144 28220 28174 28234 28338 28279 28269 28165 28231 28288 28228 28253 28253 28281 28348 28394 28260 28308 28295 28300 28268 28340 28385 28429 28514 28594 28518 28470 28404 28474 28390 28406 28365 28289 28311 28253 28291 28389 28335 28286 28295 28301 28359 28350 28310 28280 28263 28254 28226 28305 28369 28336 28273 28283 28321 28382
28422 28521 28587 28606 28584 28560 28464 28433 28551 28435 28425 28489 28491 28490 28503 28500 28568 28594 28594 28586 28625 28583 28575 28706 28777 28885 28953 29079 29114 29111 29041 28947 28804 28690 28441 28488 28519 28569 28525 28540 28550 28502 28449 28434 28434 28447 28475 28501 28461 28371 28367 28314 28291 28319 28368 28368 28340 28421 28515 28509
28519 28534 28524 28556 28618 28678 28746 28698 28705 28721 28692 28693 28679 28727 28672 28694 28697 28742 28692 28720 28679 28670 28611 28623 28587 28634 28665 28683 28615 28645 28526 28336 28196 28109 28046 28046 28026 28184 28297 28474 28719 28823 28781 28860 28861 28887 28841 28813 28754 28748 28689 28706 28688 28754 28760 28783 28799 28790 28843 28900
28910 28977 28979 28974 29010 29031 29040 29114 29109 29088 29063 28996 28944 28986 29023 29062 29111 29084 29116 29100 29114 29094 29082 29186 29156 29176 29065 29117 29030 29046 29127 29103 29080 28986 28909 28950 28874 28980 29037 28981 28955 29105 29120 29112 29051 29185 29164 29152 29097 28991 29003 28950 28973 28980 28936 28967 28901 28851 28955 28928
28922 28908 29002 29042 29080 29152 29113 29135 29129 29091 29038 29000 28979 28950 28913 28913 29125 29215 29258 29328 29406 29416 29484 29456 29399 29236 29176 29086 29102 29104 29077 29079 29093 29089 29151 29173 29037 29051 29086 29016 28939 28957 29010 28988 28990 28974 29046 29056 29021 28964 29036 29009 29047 29063 29107 29189 29249 29292 29307 29320
29333 29355 29341 29307 29310 29260 29254 29164 29172 29082 29128 29195 29170 29278 29289 29337 29273 29300 29330 29341 29430 29406 29427 29431 29399 29356 29381 29483 29443 29487 29395 29246 29135 29092 29012 28994 28988 29003 29104 29185 29296 29391 29542 29516 29593 29633 29700 29705 29801 29791 29792 29763 29651 29725 29685 29659 29731 29746 29755 29718
29684 29639 29596 29528 29647 29656 29667 29633 29715 29747 29777 29748 29761 29800 29818 29865 29958 29996 29995 30040 30105 30097 30054 30086 30077 30052 30001 29953 29990 29966 29974 29906 29893 29934 29986 29925 29925 29884 29903 29932 29942 29983 29966 30015 30000 29964 29988 29992 29949 30002 29981 30012 30037 29924 30009 30056 30060 30033 30018 30067
30147 30102 30077 30053 30030 30029 29974 29951 29935 29886 29846 29825 29815 29749 29831 29786 29731 29722 29652 29654 29639 29560 29744 29762 29901 29958 29988 30056 30057 29958 29880 29747 29684 29617 29676 29735 29732 29734 29673 29633 29569 29541 29533 29587 29586 29622 29509 29532 29600 29667 29684 29651 29642 29658 29691 29766 29841 29845 29914 29976
30046 30037 29969 29965 29905 29883 29904 29958 30032 30020 30053 30072 30092 30122 30068 30012 29978 29961 29942 29890 29856 29819 29858 29938 30159 30336 30430 30490 30484 30454 30457 30462 30523 30465 30560 30515 30548 30599 30583 30551 30497 30564 30563 30602 30585 30585 30512 30595 30630 30631 30554 30674 30668 30677 30636 30580 30599 30538 30586 30583
30594 30578 30516 30387 30403 30390 30367 30376 30383 30446 30493 30466 30502 30561 30575 30500 30451 30481 30594 30598 30650 30630 30599 30649 30648 30689 30627 30750 30769 30766 30780 30707 30617 30654 30640 30658 30616 30624 30686 30674 30672 30681 30667 30686 30636 30705 30632 30711 30650 30617 30563 30576 30657 30608 30576 30571 30506 30502 30477 30489
30471 30448 30475 30388 30298 30260 30213 30156 30129 30143 30062 30037 30029 30088 30039 29992 29937 29994 30026 30040 30039 30098 30090 30124 30124 30199 30125 30079 30056 30030 30071 30026 29977 30016 30047 30047 29993 30123 30285 30394 30432 30565 30570 30536 30409 30298 30194 30048 29962 29914 30071 30077 30182 30180 30203 30211 30188 30286 30335 30413
30407 30324 30270 30144 30142 30069 30039 30016 30011 30034 30223 30306 30492 30502 30449 30455 30512 30424 30404 30378 30328 30379 30437 30403 30440 30487 30467 30381 30379 30290 30265 30266 30119 30059 30017 30052 30024 29996 30062 30083 30035 30075 30041 30047 29992 29987 29985 29970 29900 29836 29803 29772 29847 29896 29918 29886 29864 29843 29856 29824
29749 29715 29722 29768 29792 29820 29735 29769 29811 29830 29875 29909 29853 29837 29835 29870 29819 29755 29799 29750 29718 29751 29692 29705 29690 29670 29717 29742 29744 29813 29876 29792 29857 29855 29897 29930 29951 29938 29944 29943 30008 30068 30001 29953 29990 29985 30062 30126 30107 30202 30194 30239 30299 30342 30361 30382 30451 30389 30407 30330
30320 30397 30350 30224 30203 30152 30234 30252 30282 30341 30295 30240 30268 30264 30406 30531 30631 30739 30856 30837 30865 30859 30914 30786 30717 30625 30591 30641 30649 30635 30622 30608 30637 30637 30592 30640 30637 30712 30635 30728 30679 30625 30668 30639 30617 30522 30506 30519 30430 30417 30360 30337 30307 30344 30399 30394 30436 30384 30335 30294
30306 30300 30343 30311 30345 30373 30344 30402 30367 30347 30338 30311 30329 30363 30345 30378 30287 30152 30157 30152 30240 30194 30086 30152 30129 30129 30177 30207 30245 30185 30196 30136 30130 30116 30095 30004 29945 29818 29729 29681 29731 29751 29782 29862 29958 30085 30244 30261 30333 30239 30275 30270 30317 30230 30211 30203 30160 30092 30143 30175
30113 30111 30064 30141 30228 30151 30143 30156 30121 30104 30106 30108 30112 30113 30099 30080 30086 30096 30074 30070 30085 30051 30065 30025 30036 30037 30034 30101 30108 30115 30074 30091 30103 30127 30067 30088 30093 30091 30127 30179 30244 30316 30351 30358 30257 30224 30259 30260 30240 30236 30173 30140 30111 30094 30044 30066 30088 30086 30159 30160
30112 30165 30174 30180 30104 30092 30079 30090 30025 30077 30043 30040 29993 30025 29984 29962 30050 30092 30039 29996 30012 30064 30082 30100 30078 30079 30068 30182 30285 30380 30531 30619 30634 30614 30617 30608 30572 30465 30309 30252 30233 30222 30288 30329 30389 30426 30535 30628 30676 30771 30612 30513 30367 30422 30437 30437 30393 30430 30408 30430
30461 30505 30507 30518 30484 30540 30624 30668 30608 30563 30560 30555 30544 30580 30544 30574 30594 30486 30513 30487 30554 30582 30620 30642 30673 30673 30730 30714 30679 30686 30736 30793 30778 30774 30798 30751 30743 30781 30654 30564 30480 30386 30317 30355 30436 30507 30606 30652 30800 30938 30961 30977 30917 30929 30923 30868 30908 30910 30978 30985
30908 30874 30834 30935 30988 30919 31048 31073 31035 31050 31140 31189 31203 31253 31216 31263 31189 31204 31150 31126 31178 31111 31113 31162 31130 31229 31240 31235 31301 31396 31361 31323 31367 31321 31302 31287 31215 31212 31152 31220 31157 31151 31183 31239 31146 31137 31140 31062 31067 31056 31054 30952 30967 30952 30898 30910 30889 30874 30888 30934
30935 30935 30929 30984 30999 31032 31038 31017 31003 31032 31054 30999 31039 31042 31130 31164 31189 31294 31282 31359 31374 31437 31445 31419 31441 31532 31538 31618 31738 31844 31961 32024 32100 32050 31948 31892 31794 31671 31661 31669 31717 31715 31718 31745 31788 31800 31755 31764 31746 31714 31834 31888 31822 31815 31816 31836 31818 31796 31821 31801
31869 31958 31901 31938 31955 31940 32001 32023 32021 32070 32015 32031 32046 31925 31924 31945 32012 32011 32029 32089 32048 32012 32025 32089 32146 32118 32098 32045 32081 31968 32014 32120 32113 32071 32072 32015 31997 32005 32040 32116 32134 32107 31915 31740 31655 31601 31576 31577 31659 31724 31885 31994 32137 32262 32264 32219 32163 32074 32037 31994
32107 32123 32087 32135 32107 32119 32051 32060 32086 32030 31960 32008 32074 32182 32182 32204 32272 32255 32270 32247 32272 32251 32315 32305 32365 32335 32362 32403 32369 32483 32489 32488 32461 32538 32468 32384 32374 32283 32284 32361 32327 32364 32340 32336 32358 32361 32329 32381 32441 32442 32455 32470 32394 32445 32355 32351 32358 32368 32411 32367
32348 32337 32385 32417 32517 32645 32756 32872 32904 32888 32890 32811 32698 32613 32471 32230 32203 32278 32222 32272 32337 32343 32303 32271 32242 32234 32230 32343 32365 32427 32507 32442 32441 32426 32352 32332 32371 32374 32286 32325 32297 32342 32418 32393 32410 32393 32412 32457 32457 32388 32471 32495 32426 32388 32493 32445 32415 32366 32332 32351
32392 32454 32460 32462 32514 32420 32427 32482 32493 32482 32475 32401 32404 32377 32445 32454 32481 32495 32381 32261 32185 32183 32087 32113 32087 32158 32206 32355 32529 32681 32657 32663 32677 32625 32593 32542 32527 32585 32592 32558 32568 32608 32556 32607 32570 32528 32482 32472 32490 32503 32528 32456 32499 32507 32602 32615 32694 32770 32805 32899
32932 32946 32920 32935 33031 33039 32988 33029 32948 32997 32957 32913 32941 32949 32951 32995 33086 33116 33201 33286 33238 33225 33243 33282 33297 33275 33293 33275 33140 33165 33159 33220 33187 33167 33237 33298 33317 33345 33282 33322 33199 33110 33088 33182 33213 33167 33148 33160 33131 33130 33238 33260 33276 33322 33424 33447 33473 33460 33478 33532
33619 33590 33566 33649 33712 33704 33734 33634 33636 33650 33642 33571 33567 33567 33558 33554 33495 33450 33404 33432 33442 33423 33326 33280 33314 33321 33381 33503 33475 33549 33543 33555 33598 33554 33456 33497 33486 33429 33365 33370 33396 33392 33419 33559 33682 33772 33843 33900 33924 33918 33824 33809 33637 33453 33382 33447 33420 33406 33333 33380
33380 33438 33423 33458 33457 33487 33478 33435 33446 33303 33171 33057 33018 32933 32985 33008 33113 33205 33343 33502 33485 33501 33463 33555 33662 33607 33678 33703 33657 33634 33689 33776 33772 33859 33890 33925 34000 34027 34035 34025 33937 33892 33866 33903 33916 33863 33846 33869 33936 33993 33971 34056 33995 34010 34038 34072 34159 34244 34276 34246
34239 34299 34290 34280 34278 34382 34430 34430 34494 34481 34597 34664 34682 34689 34695 34702 34685 34697 34672 34654 34692 34708 34822 34838 34920 34875 34875 34893 34893 34999 34920 34981 35125 35195 35140 35062 35033 34989 34951 34955 34914 34982 34935 34937 34938 34906 34893 34855 34825 34849 34844 34827 34802 34762 34806 34773 34804 34836 34909 34869
34862 34855 34874 34810 34770 34747 34749 34690 34715 34720 34658 34615 34594 34524 34550 34529 34711 34877 35039 35093 35180 35151 35098 35151 35094 34883 34725 34597 34556 34575 34644 34639 34595 34622 34684 34669 34671 34758 34788 34703 34761 34730 34742 34723 34740 34708 34733 34735 34734 34768 34784 34870 35007 34924 35008 35009 35088 35088 35184 35128
35053 35003 34993 34933 34889 34969 34934 34949 34882 34865 34882 34868 34910 34918 34875 34896 34887 34926 34997 35001 34933 34779 34718 34635 34569 34472 34551 34564 34655 34748 34825 34930 34913 34916 34928 34856 34935 34923 34869 34870 34823 34894 34873 34854 34926 34915 34888 34899 34935 34976 35004 35059 35112 34999 34906 34964 35083 34994 35017 35067
34970 34962 34963 34894 34859 34779 34707 34711 34678 34656 34725 34715 34627 34637 34666 34573 34612 34673 34659 34695 34707 34714 34687 34646 34724 34795 34725 34695 34699 34705 34680 34617 34675 34622 34613 34573 34429 34413 34531 34559 34521 34629 34666 34596 34665 34591 34596 34563 34551 34576 34517 34589 34545 34509 34441 34360 34431 34457 34499 34516
34474 34457 34442 34567 34545 34534 34584 34600 34585 34644 34574 34549 34642 34675 34646 34577 34606 34621 34623 34649 34609 34680 34706 34702 34695 34579 34579 34619 34474 34512 34548 34644 34813 34917 35063 35044 35040 35051 35011 34909 34881 34717 34683 34738 34709 34742 34676 34684 34610 34713 34687 34712 34715 34686 34680 34637 34691 34677 34662 34663
34675 34672 34661 34574 34620 34654 34730 34608 34652 34684 34609 34620 34544 34409 34383 34328 34357 34407 34374 34349 34336 34332 34285 34089 34018 33924 33906 33868 33777 33870 33843 33883 34039 34157 34297 34283 34218 34177 34202 34276 34214 34191 34175 34107 34165 34065 34029 34065 34089 34146 34023 34023 34102 34099 34054 34084 33987 33955 33887 33951
33863 33773 33845 33807 33797 33723 33789 33785 33824 33841 33872 33904 33944 33930 33915 34008 34045 34104 34093 34167 34195 34176 34213 34233 34197 34209 34233 34298 34307 34417 34403 34329 34412 34463 34517 34587 34472 34480 34512 34574 34596 34565 34586 34602 34539 34530 34527 34551 34586 34678 34674 34674 34640 34685 34634 34643 34652 34645 34598 34593
34541 34549 34588 34598 34607 34462 34471 34453 34502 34528 34486 34532 34589 34554 34488 34519 34543 34486 34559 34639 34599 34519 34504 34499 34541 34451 34358 34352 34452 34601 34665 34838 34782 34775 34780 34759 34687 34547 34426 34304 34337 34394 34431 34482 34494 34554 34479 34439 34433 34518 34608 34622 34645 34626 34642 34684 34607 34663 34638 34672
34690 34777 34800 34841 34851 34900 34952 34907 34983 35066 35032 35057 35040 35000 34961 34958 34949 35006 34994 34816 34819 34707 34655 34549 34435 34500 34519 34667 34882 34943 35039 34980 35036 35068 34988 34912 34979 35044 35010 34971 34980 35036 34988 35005 34947 34923 34962 34954 34946 34962 34938 34977 35025 35064 35148 35109 35148 35093 35105 35028
35016 35049 35030 35101 35049 35059 35116 35171 35151 35039 34956 34977 34982 34983 34980 34950 34983 35006 34954 35010 35096 35042 35022 35081 35151 35163 35178 35239 35282 35286 35216 35082 35055 35045 34967 34932 34862 34955 35016 35049 35014 34962 34899 34950 35019 35028 34993 35034 35055 35035 35030 35080 35092 35065 35145 35214 35264 35342 35292 35242
35261 35266 35263 35235 35253 35234 35248 35239 35223 35186 35257 35233 35248 35337 35286 35290 35240 35183 35346 35494 35530 35597 35683 35738 35670 35650 35539 35404 35320 35129 35192 35168 35131 35170 35188 35217 35221 35193 35260 35240 35224 35288 35328 35265 35288 35303 35308 35287 35308 35344 35348 35314 35348 35368 35412 35360 35339 35263 35321 35329
35330 35348 35332 35295 35364 35387 35344 35400 35449 35459 35446 35470 35502 35539 35510 35569 35593 35503 35470 35497 35584 35610 35640 35717 35646 35576 35421 35323 35195 35102 35088 35103 35158 35202 35226 35264 35414 35644 35659 35690 35730 35753 35838 35871 35889 35896 35885 36009 36049 36132 36039 36070 36083 36141 36172 36248 36223 36263 36303 36257
36245 36303 36309 36277 36282 36306 36233 36127 36178 36171 36215 36282 36285 36303 36347 36315 36318 36363 36332 36391 36363 36399 36448 36417 36418 36509 36650 36690 36669 36688 36621 36711 36715 36770 36710 36744 36643 36654 36762 36772 36849 36883 36936 36854 36856 36909 36940 36987 36920 36987 37032 37058 36998 37076 37135 37095 37083 37100 37080 37111
37184 37179 37244 37269 37198 37154 37117 37079 37084 37062 36996 36942 37001 37029 37072 37100 37096 37122 37147 37265 37228 37210 37201 37189 37277 37248 37304 37412 37538 37605 37599 37574 37627 37507 37368 37212 37064 36909 37040 37025 37030 36965 36941 36943 36992 36988 36998 36991 37007 37041 37095 37079 37102 37094 37125 37206 37230 37298 37286 37315
37325 37357 37481 37526 37532 37501 37456 37481 37446 37484 37515 37571 37570 37523 37556 37536 37587 37522 37493 37539 37566 37635 37552 37582 37523 37407 37328 37272 37177 37043 37011 37021 37170 37191 37295 37425 37546 37495 37482 37399 37401 37385 37455 37439 37532 37562 37480 37452 37580 37485 37496 37576 37598 37621 37495 37503 37479 37491 37495 37536
37474 37478 37473 37517 37451 37450 37499 37549 37572 37583 37609 37702 37735 37705 37774 37795 37802 37861 37877 37868 37879 37778 37793 37857 37871 37910 38006 37972 37918 37925 37901 37932 37858 37813 37839 37842 37861 37913 37855 37984 38022 38169 38225 38198 38239 38321 38288 38300 38392 38366 38398 38377 38319 38320 38351 38323 38192 38232 38103 38166
38151 38121 38306 38347 38480 38543 38522 38609 38654 38658 38567 38389 38228 38038 38049 38017 38064 38126 38183 38146 38059 38088 38041 38028 38104 38195 38193 38173 38173 38177 38257 38279 38264 38289 38263 38266 38231 38311 38352 38359 38347 38351 38318 38378 38386 38406 38382 38344 38374 38335 38388 38459 38381 38308 38271 38238 38273 38231 38276 38248
38253 38227 38319 38325 38309 38277 38301 38300 38299 38288 38071 38051 37845 37817 37744 37748 37785 37858 38049 38173 38264 38379 38379 38389 38303 38270 38259 38202 38155 38174 38165 38173 38304 38261 38282 38343 38400 38293 38267 38244 38210 38161 38096 38142 38171 38241 38298 38322 38219 38190 38274 38324 38350 38323 38322 38361 38401 38437 38469 38481
38542 38453 38431 38397 38334 38275 38221 38272 38265 38312 38248 38238 38191 38154 38159 38195 38179 38183 38223 38231 38246 38192 38213 38204 38308 38421 38452 38484 38462 38387 38427 38488 38536 38505 38502 38398 38434 38461 38424 38364 38339 38396 38421 38433 38487 38555 38566 38629 38614 38567 38568 38498 38511 38457 38415 38405 38400 38377 38283 38297
38266 38220 38223 38255 38282 38269 38260 38221 38213 38266 38261 38262 38227 38272 38244 38277 38239 38195 38247 38312 38302 38286 38258 38342 38302 38275 38338 38349 38384 38337 38291 38275 38299 38292 38278 38266 38157 38140 38273 38445 38511 38629 38668 38715 38731 38727 38631 38566 38445 38310 38281 38374 38397 38425 38482 38446 38380 38301 38330 38310
38299 38258 38287 38203 38266 38280 38220 38165 38214 38255 38171 38187 38153 38198 38279 38357 38273 38214 38210 38170 38102 38042 38070 38139 38193 38139 38142 38195 38204 38142 38175 38204 38169 38072 38071 38123 38026 38063 38165 38204 38215 38226 38315 38228 38201 38103 38054 37990 37857 37814 37801 37889 37987 38058 38201 38351 38509 38472 38452 38368
38324 38311 38345 38346 38374 38369 38368 38507 38470 38480 38477 38448 38484 38407 38356 38308 38295 38246 38259 38308 38225 38255 38184 38218 38316 38286 38283 38309 38360 38342 38281 38245 38186 38298 38282 38291 38356 38301 38273 38283 38266 38417 38378 38380 38484 38482 38450 38407 38355 38350 38343 38367 38318 38394 38389 38350 38351 38352 38331 38338
38348 38386 38411 38443 38423 38476 38609 38602 38567 38662 38641 38686 38655 38532 38493 38492 38436 38315 38327 38317 38225 38158 38108 38183 38191 38261 38246 38289 38315 38402 38387 38443 38501 38460 38482 38625 38597 38581 38471 38580 38574 38618 38581 38551 38635 38582 38605 38624 38660 38626 38643 38686 38675 38746 38763 38743 38644 38619 38647 38766
38751 38663 38777 38837 38757 38791 38791 38793 38865 38909 38958 38930 39003 39086 39111 39106 39169 39115 39094 39158 39179 39042 38843 38672 38576 38468 38478 38429 38492 38565 38624 38727 38808 38824 38897 38958 38982 39004 39036 39054 39027 39061 39093 39242 39319 39246 39232 39190 39122 39169 39195 39208 39208 39158 39149 39194 39203 39173 39149 39096
39111 39156 39156 39201 39165 39156 39187 39203 39194 39196 39227 39199 39122 39167 39207 39187 39223 39240 39329 39274 39279 39259 39368 39367 39367 39452 39412 39480 39488 39416 39362 39347 39387 39308 39338 39363 39348 39321 39346 39171 39156 39120 39171 39159 39191 39213 39172 39173 39177 39195 39217 39245 39218 39129 39077 39064 39069 38976 38994 39022
39012 39128 39112 39145 39158 39144 39156 39119 39142 39157 39204 39216 39210 39180 39128 39188 39317 39421 39573 39659 39626 39498 39431 39271 39168 39127 38947 38850 38830 38873 38918 38885 38895 38895 38941 38890 38937 38887 38834 38748 38693 38672 38748 38780 38756 38744 38748 38772 38770 38820 38770 38683 38669 38649 38635 38684 38636 38634 38635 38639
38670 38709 38617 38581 38653 38619 38549 38587 38621 38655 38725 38751 38775 38664 38746 38741 38738 38729 38734 38741 38803 38870 38823 38963 39025 39084 39203 39271 39264 39318 39337 39429 39382 39324 39345 39306 39319 39287 39318 39342 39368 39306 39376 39280 39203 39092 38932 38748 38711 38725 38754 38852 38953 39064 39157 39233 39291 39329 39312 39386
39429 39501 39515 39485 39562 39509 39555 39447 39493 39492 39541 39601 39672 39588 39616 39719 39725 39723 39769 39797 39919 39979 40040 40119 40185 40247 40152 40208 40187 40163 40178 40147 40183 40189 40227 40241 40263 40268 40284 40302 40297 40232 40152 40253 40189 40186 40201 40129 40086 40139 40141 40153 40123 40188 40247 40336 40358 40341 40368 40388
40340 40387 40395 40330 40442 40568 40700 40732 40796 40879 40794 40668 40656 40523 40398 40263 40215 40278 40311 40311 40230 40214 40229 40218 40221 40308 40281 40233 40328 40304 40348 40413 40487 40513 40468 40458 40458 40407 40391 40397 40451 40470 40440 40402 40481 40455 40460 40431 40484 40421 40465 40522 40502 40449 40499 40567 40604 40614 40616 40696
40787 40688 40614 40664 40701 40744 40767 40552 40429 40376 40332 40289 40365 40385 40526 40570 40679 40718 40855 40921 40848 40833 40823 40843 40861 40804 40812 40774 40830 40825 40798 40797 40789 40796 40873 40922 40869 40820 40790 40896 40903 40912 40862 40824 40768 40798 40848 40890 40895 40894 40946 40923 40850 40930 41001 40996 41024 41016 41069 41098
41072 41057 41056 41053 41067 40976 40849 40899 40848 40865 40838 40879 40912 40991 40979 40984 41011 41029 41049 41054 41086 41172 41167 41138 41095 41066 41067 41092 41132 41222 41239 41266 41230 41268 41181 41126 41072 41112 41129 41157 41112 41153 41081 40952 40996 40970 40960 40975 40985 40980 40955 41015 40962 40993 41005 41038 41049 40984 41073 41089
41113 41090 41134 41114 41142 41305 41369 41485 41511 41580 41585 41558 41389 41401 41378 41252 41103 41085 41055 41043 41032 41069 41049 41109 41105 41100 41131 41203 41224 41231 41178 41206 41208 41200 41236 41276 41291 41215 41225 41200 41224 41241 41263 41321 41313 41379 41345 41361 41323 41336 41312 41329 41287 41294 41212 41200 41230 41211 41279 41326
41286 41293 41335 41300 41293 41310 41220 41188 41180 41153 41208 41236 41148 41076 41056 41023 40977 40896 40875 40881 40881 40839 40833 40781 40816 40841 40750 40745 40771 40817 40687 40658 40613 40586 40659 40662 40681 40748 40860 40698 40589 40499 40378 40403 40397 40478 40560 40663 40806 41004 41136 41110 41174 41206 41227 41179 41275 41262 41179 41196
41260 41313 41242 41233 41184 41201 41215 41228 41164 41259 41148 41177 41210 41300 41361 41352 41314 41303 41294 41294 41240 41293 41403 41374 41365 41464 41606 41575 41632 41623 41670 41631 41670 41661 41693 41673 41722 41772 41702 41648 41705 41749 41833 41779 41861 41749 41734 41699 41708 41713 41718 41695 41682 41733 41759 41694 41585 41514 41558 41527
41577 41651 41732 41636 41754 41806 41857 41739 41766 41774 41789 41740 41710 41663 41650 41660 41752 41765 41684 41740 41686 41736 41738 41720 41691 41644 41604 41657 41679 41604 41541 41499 41563 41730 41900 41960 42056 42071 42158 42074 41989 41836 41814 41766 41673 41640 41701 41691 41749 41773 41728 41789 41876 41867 41823 41840 41843 41747 41770 41742
41664 41699 41661 41620 41590 41581 41569 41625 41596 41594 41623 41619 41553 41596 41625 41548 41607 41613 41601 41603 41609 41674 41726 41681 41627 41564 41583 41665 41760 41726 41734 41726 41692 41731 41799 41869 41862 41784 41715 41628 41539 41505 41499 41447 41486 41541 41569 41746 41898 41794 41823 41741 41804 41854 41878 41910 41973 41906 41954 41945
42031 42054 42035 41994 42026 42007 42060 42097 42041 42052 41984 42027 42079 42028 41933 41961 42029 42055 42044 42059 42024 41956 41971 41992 42008 41989 42005 41950 42024 42046 42122 42181 42198 42172 42214 42274 42309 42301 42267 42206 42190 42106 42147 42156 42101 42038 42014 41964 41854 41848 41818 41807 41728 41708 41742 41828 41804 41740 41760 41691
41755 41754 41715 41795 41832 41837 41818 41814 41816 41865 41886 41850 41829 41857 41923 41983 41941 42011 42036 41964 41963 41952 41966 42029 42077 42105 42101 42122 42144 42055 42122 42191 42149 42206 42311 42399 42502 42607 42664 42605 42669 42658 42593 42453 42342 42196 42277 42353 42303 42382 42351 42323 42292 42362 42333 42301 42315 42200 42202 42188
42163 42152 42259 42352 42376 42325 42330 42409 42387 42280 42305 42251 42151 42165 42108 42042 42088 42097 42026 42036 42037 42054 42017 42015 42013 42030 42017 42022 42074 42089 42107 42048 42030 42063 41998 42020 42137 42236 42260 42340 42296 42393 42425 42483 42447 42289 42235 42200 42117 42093 42076 42090 42218 42367 42521 42694 42826 42816 42907 42870
42887 42795 42864 42844 42841 42938 42905 42969 42883 42939 42932 42899 42898 42994 42997 42964 42930 42982 43028 43033 43061 43152 43116 43220 43175 43198 43222 43282 43311 43272 43321 43340 43407 43414 43452 43538 43542 43509 43536 43613 43705 43667 43654 43586 43514 43465 43440 43379 43493 43497 43524 43526 43543 43497 43524 43491 43413 43393 43313 43268
43262 43194 43207 43224 43114 43139 43224 43203 43220 43183 43159 43180 43121 43244 43331 43339 43296 43353 43330 43335 43212 43156 43120 43105 43174 43242 43222 43230 43156 43205 43208 43258 43275 43275 43386 43509 43698 43772 43842 43859 43856 43761 43692 43518 43361 43235 43305 43343 43336 43330 43322 43262 43161 43156 43193 43148 43118 43171 43180 43138
43174 43179 43149 43089 43129 43137 43131 43134 43201 43168 43129 42938 42767 42630 42636 42621 42521 42543 42585 42740 42824 42940 43085 43154 43037 43044 43020 43077 43134 43172 43206 43100 43124 43088 43187 43208 43194 43227 43244 43208 43228 43283 43287 43315 43259 43264 43296 43371 43356 43396 43358 43316 43272 43327 43336 43332 43405 43378 43398 43454
43434 43457 43394 43415 43452 43415 43402 43384 43361 43436 43459 43448 43354 43414 43336 43380 43438 43420 43517 43526 43522 43578 43646 43650 43745 43707 43663 43616 43718 43712 43713 43656 43627 43673 43756 43838 43812 43833 43857 43904 43851 43902 43867 43919 43915 43938 43980 44023 43964 43932 43939 43907 43905 44022 44017 44009 44018 44053 44030 43993
43998 43955 44002 44022 43972 43954 44129 44275 44398 44480 44563 44590 44660 44589 44487 44421 44310 44155 44143 44063 44039 43997 44000 44042 44064 44054 44078 44064 43987 44019 43970 43987 43952 44019 44047 44060 44145 44104 44023 43957 43994 44023 43972 43987 44050 44077 44043 43960 43886 43838 43878 43987 43975 43926 44021 44004 44015 43935 43873 43908
43823 43865 43821 43849 43822 43843 43865 43917 43862 43870 43911 43964 43919 43977 43930 43977 43959 43957 44004 43986 44041 44050 44097 44091 44142 44128 44097 44032 44114 44075 44056 44003 44010 44018 43939 43752 43701 43621 43613 43605 43658 43752 43855 44008 44088 44067 43994 43881 43791 43688 43713 43690 43673 43601 43678 43640 43639 43667 43585 43551
43462 43514 43456 43481 43528 43510 43501 43486 43516 43532 43504 43503 43584 43598 43625 43634 43674 43679 43679 43658 43585 43598 43543 43550 43604 43716 43673 43649 43660 43772 43807 43705 43675 43685 43624 43617 43622 43600 43671 43657 43623 43527 43552 43672 43692 43721 43687 43713 43654 43485 43437 43427 43353 43375 43339 43411 43432 43502 43475 43431
43478 43505 43483 43452 43497 43500 43483 43501 43535 43528 43534 43611 43682 43682 43721 43784 43847 43905 43906 43926 43871 43822 43896 43912 43858 43853 43944 43933 43990 44040 44044 44025 43965 43962 44038 43989 44136 44301 44400 44539 44603 44559 44539 44516 44490 44325 44206 44116 44047 44098 44089 44212 44196 44329 44390 44403 44418 44401 44441 44437
44487 44581 44562 44434 44508 44497 44494 44447 44373 44399 44326 44306 44305 44234 44274 44302 44307 44278 44193 44011 43861 43891 43893 43881 43947 43992 44083 44156 44423 44605 44605 44568 44603 44644 44618 44549 44572 44583 44598 44597 44679 44696 44720 44770 44770 44770 44773 44793 44785 44751 44817 44811 44861 44863 44930 44947 44981 44977 44945 44955
44964 44972 44975 45001 45058 45058 45039 45092 45083 45113 45086 45059 45059 45095 45089 45014 45054 45043 45070 45017 45063 45052 45089 45081 45046 45019 44993 45065 45104 45138 45081 45006 45033 45076 45128 45120 45120 45076 45123 45181 45118 45055 45044 45044 45109 45170 45161 45173 45102 45076 45086 45064 44993 45026 45066 45013 45040 45048 45115 45139
45228 45246 45202 45188 45106 45076 45113 45239 45216 45207 45252 45238 45348 45343 45370 45452 45479 45442 45407 45371 45330 45316 45313 45326 45255 45353 45335 45414 45372 45403 45489 45609 45727 45800 45896 45904 45967 45945 45872 45751 45637 45659 45537 45549 45580 45606 45630 45654 45687 45695 45667 45717 45718 45744 45795 45753 45685 45671 45648 45688
45642 45697 45689 45776 45683 45675 45735 45683 45752 45681 45656 45631 45654 45714 45720 45674 45621 45614 45640 45670 45672 45672 45639 45597 45579 45597 45601 45601 45642 45575 45612 45653 45615 45621 45635 45659 45596 45629 45643 45676 45625 45668 45700 45598 45468 45368 45229 45121 45115 45187 45290 45340 45423 45541 45748 45743 45858 45866 45838 45817
45887 45919 45866 45781 45867 45826 45924 45942 45935 45881 45989 45969 45914 45892 45891 46076 46141 46152 46141 46243 46267 46287 46286 46286 46376 46501 46501 46533 46584 46553 46606 46672 46706 46677 46663 46720 46807 46851 46881 46821 46863 46979 46934 46983 46974 46989 46994 46981 46937 46967 46922 46980 47041 47022 47038 47101 47028 46978 46990 47075
47046 47041 47121 47061 47069 47013 47068 47065 47248 47382 47498 47589 47626 47659 47614 47558 47445 47308 47306 47177 47247 47241 47300 47315 47319 47217 47222 47221 47143 47147 47146 47218 47179 47155 47109 47159 47127 47063 47084 47029 47013 46977 46943 46856 46860 46954 46963 46978 46963 46959 46951 46876 46831 46826 46763 46741 46766 46794 46771 46735
46557 46386 46221 46074 46034 46033 45966 46048 46041 46021 46211 46295 46379 46382 46353 46264 46218 46210 46088 46079 46067 46110 46094 46122 46199 46110 46127 46130 46175 46226 46214 46244 46198 46181 46219 46323 46297 46245 46296 46303 46265 46327 46340 46430 46569 46580 46640 46683 46683 46677 46693 46669 46603 46603 46629 46560 46591 46613 46704 46659
46565 46600 46675 46678 46668 46608 46602 46636 46654 46717 46788 46802 46749 46618 46656 46604 46675 46763 46655 46716 46770 46726 46670 46851 46865 46827 46909 47022 47054 47159 47232 47206 47260 47214 47123 47172 47143 47128 47113 47002 46939 46923 46894 46838 46852 46823 46746 46832 46848 46833 46761 46712 46707 46755 46719 46740 46748 46646 46706 46735
46752 46708 46763 46836 46834 46796 46784 46847 46853 46860 46830 46899 46858 47013 46992 47043 47055 47122 47147 47173 47152 47159 47208 47265 47338 47395 47386 47393 47382 47362 47371 47309 47291 47261 47234 47260 47270 47310 47332 47400 47375 47362 47377 47408 47448 47409 47330 47494 47615 47719 47805 47884 47926 47835 47846 47739 47617 47538 47446 47444
47416 47399 47430 47455 47366 47437 47485 47416 47395 47421 47521 47469 47338 47262 47207 47024 46940 46962 47027 47140 47175 47322 47411 47545 47498 47382 47398 47407 47393 47321 47290 47296 47307 47317 47395 47407 47337 47455 47369 47351 47347 47302 47374 47481 47521 47533 47586 47619 47617 47645 47639 47650 47625 47706 47729 47722 47828 47746 47720 47687
47661 47688 47601 47647 47629 47629 47632 47759 47770 47766 47850 47805 47775 47775 47864 47910 47832 47830 47841 47802 47848 47929 48021 48027 47986 48049 48031 47995 48031 48092 48121 48052 48067 48074 48038 48006 47971 47944 47939 48055 47986 47994 47955 47940 47876 47803 47866 47958 47973 47996 47919 48017 47914 47892 47903 47840 47773 47843 47834 47833
47812 47841 47856 47877 47921 47986 47994 47947 48141 48297 48396 48435 48505 48528 48485 48408 48300 48241 48031 47936 47861 47846 47864 47943 47898 47848 47878 47800 47834 47897 47893 47903 47888 47938 47955 48031 48007 48042 48115 48150 48101 48079 48066 48018 47963 47892 47860 47954 48049 47993 47929 47877 47905 47980 47916 47917 47918 47951 47961 48008
48024 48063 48111 48158 48200 48133 48125 48173 48190 48142 48128 48110 48143 48246 48284 48215 48277 48343 48375 48350 48322 48287 48298 48276 48313 48269 48330 48331 48291 48371 48479 48508 48481 48418 48271 48100 47885 47739 47685 47600 47713 47724 47869 47957 48046 48224 48219 48280 48290 48219 48224 48247 48228 48222 48271 48301 48320 48265 48320 48312
48237 48218 48235 48264 48311 48273 48266 48229 48236 48272 48311 48257 48195 48195 48202 48185 48221 48232 48206 48171 48114 48138 48153 48124 48021 48112 48096 48136 48143 48066 48109 48103 48186 48146 48257 48253 48262 48290 48343 48275 48359 48358 48309 48168 48197 48184 48299 48264 48271 48247 48212 48181 48155 48096 48056 48093 48139 48126 48104 48086
48100 48086 48114 48186 48249 48214 48221 48320 48351 48364 48305 48432 48517 48602 48654 48733 48774 48753 48674 48614 48474 48363 48320 48345 48348 48288 48269 48270 48292 48315 48401 48442 48363 48408 48412 48421 48510 48510 48444 48491 48483 48505 48502 48482 48501 48504 48499 48471 48523 48536 48551 48551 48595 48544 48588 48592 48538 48585 48639 48686
48686 48755 48767 48780 48740 48790 48823 48821 48861 48830 48855 48937 48934 48964 49023 49107 49133 49027 49069 49124 49198 49095 49006 48897 48784 48743 48799 48725 48756 48856 48872 49018 49162 49160 49310 49346 49366 49428 49413 49449 49564 49569 49601 49681 49572 49545 49581 49559 49576 49586 49616 49641 49686 49661 49622 49583 49649 49627 49544 49559
49562 49590 49685 49713 49834 49781 49728 49655 49616 49515 49488 49419 49512 49572 49529 49456 49434 49403 49456 49448 49373 49390 49310 49320 49337 49318 49370 49296 49319 49378 49310 49228 49115 49212 49206 49251 49157 49136 49105 49164 49194 49076 49107 49077 49099 49100 49023 49001 48994 49033 49137 49118 49090 49125 49131 49206 49202 49165 49167 49123
49154 49120 49159 49065 49105 49183 49266 49343 49376 49387 49441 49527 49609 49642 49674 49636 49545 49625 49641 49645 49650 49697 49750 49793 49730 49712 49688 49718 49736 49666 49680 49669 49624 49527 49528 49506 49471 49377 49378 49354 49303 49374 49319 49373 49410 49554 49703 49810 49933 49938 49954 49928 49888 49757 49694 49473 49265 49323 49329 49275
49263 49236 49230 49248 49129 49200 49169 49146 49121 49121 49122 49174 49168 49100 49116 49108 49057 49090 49155 49240 49186 49113 49108 49098 49048 49004 48994 48981 48983 48954 48897 48818 48719 48639 48651 48568 48612 48735 48726 48835 48953 49049 49067 49064 49066 49117 49107 49075 49015 48990 48990 49050 49073 49126 49081 49025 48982 48947 48945 48982
49018 48930 48927 48944 48956 48965 48972 48918 49063 49065 49109 49113 49211 49168 49245 49240 49344 49279 49237 49276 49431 49355 49339 49254 49303 49366 49341 49399 49402 49420 49370 49396 49463 49379 49427 49421 49412 49395 49402 49345 49331 49235 49276 49249 49308 49383 49373 49437 49523 49622 49552 49567 49571 49505 49535 49605 49638 49558 49685 49784
49836 49907 49901 49887 49812 49798 49736 49640 49674 49674 49780 49949 50101 50223 50266 50316 50198 50210 50174 50025 49979 49921 49892 49828 49856 49862 49925 49944 49908 49932 49879 49958 49970 49903 49923 49996 50036 49965 49976 49890 49879 49891 49909 49911 49883 49906 49885 49836 49818 49868 49833 49855 49957 49934 49979 49964 50028 50030 50015 50015
50065 50094 50128 50085 50045 50012 50040 50040 49999 49901 49855 49844 49835 49829 49766 49830 49784 49873 49787 49766 49764 49709 49682 49665 49572 49586 49597 49553 49574 49617 49576 49572 49564 49495 49484 49468 49369 49244 49188 49143 49146 49136 49104 49231 49323 49422 49591 49768 49818 49797 49780 49843 49813 49858 49884 49935 49910 49891 49819 49848
49851 49930 49960 50028 50037 50052 50132 50133 50023 50114 50140 50126 50162 50119 50042 50003 49982 49935 49844 49767 49632 49756 49809 49771 49790 49845 49889 49892 49914 50027 49985 50045 50023 50003 49958 49915 49879 49941 49924 49965 50052 50024 50069 49930 49922 49930 50030 50040 50113 50137 50114 50072 50172 50159 50084 50085 50125 50040 50094 50007
49973 50013 49982 50001 49880 49888 49911 49849 49787 49767 49758 49749 49792 49759 49737 49725 49737 49772 49844 49851 49867 49862 49823 49857 49825 49755 49715 49791 49735 49684 49718 49664 49664 49587 49619 49676 49720 49651 49873 49960 50124 50181 50205 50238 50174 50169 50110 49964 49811 49742 49721 49782 49660 49652 49613 49651 49630 49534 49475 49477
49427 49379 49346 49354 49370 49255 49288 49237 49260 49291 49287 49260 49341 49336 49340 49326 49442 49380 49451 49349 49401 49406 49210 49218 49304 49253 49241 49256 49359 49409 49418 49372 49422 49483 49496 49536 49496 49506 49515 49467 49414 49439 49405 49479 49499 49265 49097 48986 48868 48810 48842 48836 48886 48863 49002 49168 49296 49311 49318 49270
49219 49290 49201 49210 49162 49150 49115 49103 49083 49105 49103 49198 49235 49303 49276 49251 49280 49262 49254 49197 49212 49246 49279 49270 49289 49269 49273 49298 49357 49401 49401 49372 49431 49462 49466 49494 49594 49577 49563 49586 49620 49597 49588 49644 49647 49730 49755 49842 49855 49881 49905 49836 49864 49923 49926 49966 49959 50009 49928 49939
49903 49924 49910 49911 49946 50010 49998 49975 49994 50037 50078 49995 49996 49952 49974 49933 49969 49930 49842 49835 49761 49750 49783 49884 49824 49901 50015 50007 49994 49986 50006 50041 50061 50128 50133 50132 50212 50192 50180 50197 50153 50225 50365 50409 50467 50581 50678 50687 50597 50584 50452 50327 50225 50273 50252 50168 50139 50123 50230 50218
50154 50326 50435 50435 50403 50401 50387 50353 50395 50384 50376 50354 50351 50349 50373 50395 50438 50354 50443 50376 50403 50337 50459 50434 50420 50499 50443 50415 50451 50382 50501 50447 50446 50460 50383 50387 50327 50207 50139 50054 50095 50050 50048 50122 50133 50282 50403 50564 50793 50808 50853 50737 50769 50803 50748 50691 50650 50697 50691 50742
50770 50762 50805 50843 50801 50731 50698 50643 50601 50521 50500 50526 50513 50464 50562 50605 50588 50619 50629 50694 50741 50756 50772 50774 50778 50783 50759 50798 50797 50791 50848 50854 50852 50918 50960 51015 50948 50970 50998 50985 50986 51018 50964 50939 50856 50890 50876 50810 50875 50864 50831 50865 50885 50889 50888 50770 50716 50774 50783 50699
50717 50762 50696 50698 50683 50726 50767 50706 50735 50741 50732 50691 50763 50884 51015 51194 51300 51373 51396 51383 51334 51172 51060 50961 50829 50918 50872 50885 50847 50838 50846 50806 50865 50893 50919 50902 50917 50817 50826 50869 50863 50888 50798 50847 50852 50817 50873 50856 50988 51003 51035 51035 51003 51007 51016 51037 50968 50949 50881 50878
50908 50870 50833 50765 50868 50868 50864 50983 51076 51113 51109 51109 51036 50949 50970 50896 50956 50947 50917 50899 50965 50967 50962 51003 51050 51039 51068 51005 51000 50933 51000 51064 51031 50947 50945 50854 50829 50736 50707 50689 50718 50696 50653 50602 50559 50410 50377 50373 50359 50412 50540 50624 50711 50788 50996 51086 51050 51108 51156 51148
51130 51096 51140 51043 51107 51131 51113 51070 51003 51085 51189 51188 51142 51116 51138 51190 51136 51080 51170 51185 51166 51150 51065 51051 51075 51031 51021 50970 51108 51197 51153 51110 51046 51045 50966 50931 50944 50929 50930 50835 50879 50950 50990 51040 51041 51072 51045 51110 51124 51132 51155 51155 51137 51127 51141 51165 51235 51246 51180 51093
51080 51041 51034 51039 51036 50977 50955 50909 50872 50863 50809 50842 50873 50934 50934 50986 50941 50881 50827 50837 50833 50861 50974 50909 50887 50859 50810 50703 50732 50727 50712 50756 50763 50792 50798 50762 50744 50874 50971 51117 51282 51377 51367 51384 51396 51296 51074 51033 50911 50862 50869 50886 50825 50817 50822 50789 50801 50747 50760 50781
50719 50718 50655 50602 50654 50697 50726 50814 50847 50884 50867 50895 50921 50995 50947 51013 51003 50978 50991 51088 51134 51112 51040 51000 51017 51099 51160 51095 51095 50977 50816 50765 50710 50666 50651 50599 50669 50837 50875 51036 51215 51267 51271 51261 51308 51325 51342 51328 51352 51382 51361 51374 51416 51386 51383 51336 51369 51452 51456 51488
51538 51512 51550 51575 51578 51592 51594 51601 51584 51624 51595 51584 51676 51687 51672 51634 51683 51696 51752 51737 51757 51818 51811 51818 51760 51780 51700 51700 51729 51736 51773 51800 51736 51737 51819 51818 51875 51807 51884 51906 52045 52083 52091 52041 52041 52059 52088 52097 52108 52125 52138 52076 52004 51992 51959 52006 51863 51868 51949 52039
52061 52141 52240 52519 52514 52588 52558 52613 52565 52547 52567 52627 52595 52476 52299 52315 52282 52333 52357 52452 52369 52399 52438 52464 52436 52399 52439 52332 52292 52246 52227 52223 52200 52121 52073 52063 52027 52031 52029 52027 52102 52129 52150 52139 52130 52080 52115 52077 52050 52041 51971 51992 52058 52072 52025 52021 52065 51989 52025 52079
51980 52006 51939 51996 51929 52028 52082 52030 52063 52068 52106 52147 52114 52137 52129 52102 52073 52042 51996 52034 52078 52151 52189 52169 52201 52198 52152 52194 52168 52182 52125 52115 52139 52177 52192 52239 52355 52199 52171 52153 52002 51860 51836 51831 51842 51958 52098 52276 52478 52527 52501 52602 52660 52605 52528 52449 52471 52427 52419 52362
52347 52344 52425 52415 52448 52441 52405 52377 52336 52313 52336 52309 52286 52433 52433 52393 52380 52386 52369 52281 52309 52294 52268 52280 52392 52399 52434 52486 52538 52533 52526 52538 52588 52677 52656 52670 52809 52859 52908 52978 52963 52975 53009 53073 53072 53021 53052 53103 53162 53058 53068 53042 53095 53191 53243 53265 53284 53314 53304 53289
53391 53258 53257 53281 53312 53386 53468 53504 53485 53485 53575 53561 53534 53461 53424 53476 53553 53623 53647 53653 53688 53747 53841 53903 53997 53979 53959 53919 53930 53828 53645 53583 53468 53501 53504 53446 53443 53449 53430 53458 53474 53526 53485 53551 53613 53636 53623 53563 53618 53608 53520 53527 53492 53461 53530 53482 53490 53427 53377 53374
53381 53343 53372 53390 53413 53439 53430 53370 53419 53394 53435 53405 53429 53322 53141 53042 52992 52872 52909 52924 53041 53105 53270 53331 53469 53463 53431 53422 53472 53525 53616 53638 53622 53702 53729 53658 53738 53818 53720 53773 53792 53693 53662 53648 53623 53636 53649 53682 53684 53703 53655 53632 53654 53631 53678 53704 53740 53748 53826 53832
53823 53830 53782 53803 53871 53849 53869 53945 54023 54106 54074 54074 54054 54149 54108 54061 54030 53954 53959 53884 53930 53946 53891 53856 53775 53776 53777 53826 53835 53807 53882 53830 53879 53883 53860 53810 53803 53802 53807 53814 53983 53987 53999 54056 54127 54027 54075 54002 54017 54026 54084 54136 54140 54112 54179 54203 54188 54219 54259 54160
54198 54238 54243 54171 54191 54165 54235 54283 54350 54330 54322 54345 54302 54348 54341 54290 54316 54186 54281 54306 54324 54318 54291 54276 54365 54521 54595 54722 54808 54874 54915 54871 54901 54845 54741 54661 54472 54463 54471 54489 54396 54497 54524 54593 54591 54652 54629 54639 54650 54626 54578 54612 54594 54535 54476 54499 54475 54498 54532 54512
54516 54511 54552 54393 54312 54324 54211 54123 54040 54032 54163 54268 54382 54590 54662 54683 54701 54659 54676 54718 54731 54689 54741 54726 54766 54807 54850 54841 54835 54836 54780 54761 54749 54777 54770 54819 54854 54820 54849 54846 54937 54963 54906 54907 54804 54830 54830 54749 54745 54771 54771 54805 54892 54898 54886 54860 54834 54818 54776 54775
54789 54772 54803 54777 54767 54775 54793 54771 54787 54706 54740 54797 54823 54844 54847 54889 54861 54931 54969 54916 54927 54933 54970 54936 54880 54886 54901 54940 54915 54849 54818 54874 54911 54899 54934 54973 54999 54947 54948 55030 55058 55116 55133 55080 55202 55170 55195 55286 55284 55325 55378 55298 55310 55222 55241 55196 55210 55339 55400 55456
55394 55486 55442 55428 55422 55388 55415 55464 55541 55556 55557 55670 55618 55653 55614 55802 55984 56038 56195 56264 56343 56328 56261 56221 56193 56135 56014 56003 56069 56134 56089 56197 56243 56250 56217 56169 56185 56206 56187 56155 56084 56173 56247 56292 56292 56292 56371 56380 56380 56368 56345 56408 56382 56400 56358 56395 56381 56328 56358 56316
56367 56404 56326 56334 56382 56415 56375 56351 56406 56459 56459 56436 56452 56477 56483 56478 56503 56525 56460 56529 56595 56629 56584 56533 56576 56464 56303 56251 56183 56196 56300 56302 56394 56468 56562 56636 56770 56752 56795 56809 56871 56972 56924 56987 57085 57047 57059 57062 57055 57024 57030 57068 57067 57055 57032 57000 57107 57096 57179 57120
57138 57184 57226 57171 57084 57050 57045 57061 56982 57046 57005 56983 56994 57073 57115 57046 56999 56951 56944 56997 57074 57056 57061 57092 57050 57106 57078 57113 57135 57135 57135 57139 57075 57086 57090 57029 57113 57068 57079 57199 57235 57133 57126 57192 57159 57221 57146 57042 57120 57167 57197 57198 57233 57227 57199 57286 57308 57333 57283 57269
57373 57353 57248 57201 57219 57278 57239 57250 57207 57218 57209 57270 57182 57110 57035 57062 57151 57123 57137 57144 57091 57115 57111 57150 57105 57143 57171 57139 57190 57258 57342 57441 57491 57601 57598 57497 57498 57398 57327 57265 57152 57071 56993 57037 57102 57147 57172 57232 57238 57273 57330 57345 57375 57393 57428 57342 57354 57316 57315 57313
57342 57240 57213 57219 57199 57235 57289 57296 57348 57214 57138 57214 57249 57264 57328 57320 57366 57343 57328 57348 57329 57363 57423 57413 57413 57372 57348 57256 57244 57132 57138 57010 56840 56736 56662 56582 56564 56522 56632 56678 56892 57029 57079 57096 57096 57098 57116 57087 57123 57061 57117 57133 57076 57031 57040 57097 57027 57104 57104 57095
57039 57030 57031 57107 57077 57160 57221 57247 57236 57275 57283 57298 57257 57362 57320 57397 57313 57293 57315 57323 57324 57374 57401 57389 57448 57423 57401 57453 57479 57483 57425 57425 57389 57482 57444 57512 57535 57490 57458 57453 57477 57545 57520 57515 57586 57554 57495 57494 57412 57328 57332 57345 57343 57297 57365 57363 57340 57418 57467 57500
57532 57641 57704 57766 57644 57691 57682 57659 57617 57610 57603 57675 57684 57672 57792 57767 57740 57781 57728 57702 57669 57582 57467 57448 57432 57388 57436 57549 57520 57528 57523 57473 57427 57451 57514 57506 57476 57314 57314 57357 57366 57396 57393 57430 57516 57661 57823 57885 57874 57897 57783 57625 57606 57466 57338 57271 57316 57310 57297 57344
57330 57392 57374 57275 57195 57212 57198 57219 57244 57345 57311 57305 57250 57257 57214 57171 57204 57275 57197 57216 57271 57288 57352 57427 57385 57241 57134 57027 56959 56901 56839 56845 56896 56939 57052 57098 57247 57231 57281 57333 57316 57323 57240 57270 57292 57320 57358 57325 57216 57251 57337 57326 57304 57361 57310 57339 57377 57441 57448 57558
57608 57536 57557 57571 57628 57573 57656 57626 57635 57669 57702 57702 57760 57756 57730 57768 57718 57696 57641 57582 57607 57623 57664 57674 57725 57740 57726 57715 57734 57791 57837 57809 57857 57810 57773 57773 57788 57774 57813 57896 57974 57898 57875 57884 57847 57841 57829 57833 57852 57858 57881 57877 57882 57912 58045 58010 58067 58047 58050 58053
58066 58131 58101 58166 58168 58172 58147 58126 58133 58215 58119 58136 58099 58187 58400 58473 58573 58656 58712 58634 58531 58412 58222 58143 58060 58055 58072 58017 58074 57973 57954 57966 57960 58020 58020 58054 58025 57979 57985 58014 58080 58105 58185 58119 58114 58149 58175 58229 58271 58269 58247 58207 58121 58092 58072 58164 58145 58229 58266 58273
58221 58210 58253 58244 58221 58217 58209 58247 58280 58271 58335 58334 58346 58343 58397 58383 58375 58415 58408 58432 58454 58396 58404 58375 58415 58478 58528 58563 58563 58454 58394 58276 58269 58176 58150 58080 58093 58157 58272 58430 58541 58595 58607 58672 58729 58835 58806 58844 58960 58946 58933 59013 58928 58877 58864 58881 58762 58769 58789 58840
58819 58852 58812 58851 58839 58834 58813 58835 58856 58907 58881 58865 58839 58843 58820 58841 58774 58805 58813 58836 58834 58898 58935 58871 58993 58995 58964 58936 58992 58965 59018 59077 59116 59159 59125 59076 59074 59105 59073 59059 59113 59148 59127 59168 59238 59240 59246 59216 59297 59384 59384 59353 59299 59266 59335 59310 59229 59226 59133 59112
59078 59044 59043 59105 59101 59179 59248 59273 59238 59232 59294 59304 59208 59286 59288 59358 59401 59468 59428 59322 59325 59370 59367 59281 59269 59348 59529 59645 59752 59884 59919 59885 59885 59894 59798 59633 59508 59293 59340 59287 59350 59321 59356 59328 59338 59332 59311 59395 59352 59434 59402 59527 59556 59558 59613 59549 59494 59510 59363 59355
59368 59386 59226 59105 59013 58899 58841 58913 58896 58916 59002 59112 59165 59275 59226 59262 59268 59300 59309 59410 59475 59557 59589 59610 59621 59679 59730 59656 59781 59721 59720 59800 59861 59882 59914 59913 59913 59975 59901 59855 59812 59855 59832 59871 59892 59840 59884 59847 59830 59746 59755 59846 59883 59912 59903 59874 59948 60041 60047 60006
60011 60034 60095 60047 60041 60035 60046 60036 60023 59994 59939 59911 59985 59940 59982 59885 59887 59860 59899 59929 59846 59884 59867 59818 59795 59787 59822 59826 59981 60035 60003 60078 60119 60136 60136 60057 60024 59962 60010 59983 60086 60157 60199 60175 60048 60026 60070 60116 60094 60159 60140 60171 60163 60161 60110 60073 60123 60195 60212 60217
60284 60272 60300 60341 60377 60335 60387 60419 60399 60362 60321 60425 60456 60376 60376 60413 60452 60438 60459 60496 60442 60478 60443 60403 60472 60516 60520 60578 60586 60569 60632 60687 60724 60836 60796 60805 60802 60826 61018 61144 61375 61409 61527 61551 61543 61536 61498 61487 61338 61215 61200 61213 61248 61171 61255 61316 61337 61204 61249 61265
61259 61268 61290 61353 61329 61348 61421 61399 61473 61455 61432 61410 61489 61486 61492 61502 61469 61380 61377 61386 61371 61275 61136 61060 61043 60988 60956 60950 61043 61048 61200 61335 61433 61377 61386 61374 61367 61317 61177 61064 60984 60936 60976 60988 61011 61023 61054 61022 61003 60960 61045 61005 60992 61011 61020 61005 60936 60994 60968 60911
60837 60764 60777 60699 60635 60611 60547 60559 60540 60570 60633 60647 60554 60559 60540 60521 60546 60629 60603 60653 60689 60712 60754 60788 60777 60806 60842 60813 60822 60877 60857 60906 60904 60914 60966 60953 61004 61019 61044 61082 61156 61187 61113 61193 61172 61175 61177 61255 61286 61396 61428 61388 61340 61187 61188 61191 61275 61303 61332 61295
61372 61394 61366 61421 61424 61464 61399 61375 61355 61501 61588 61702 61783 61774 61709 61714 61650 61550 61526 61431 61271 61321 61248 61273 61255 61248 61319 61367 61342 61329 61364 61405 61430 61388 61442 61506 61456 61369 61388 61375 61461 61468 61585 61551 61563 61634 61673 61616 61574 61571 61653 61723 61643 61736 61697 61611 61603 61707 61710 61766
61638 61679 61743 61717 61719 61885 61926 61932 61889 61876 61926 61944 61924 61836 61796 61874 61841 61812 61775 61780 61727 61538 61400 61255 61116 61115 61140 61196 61237 61368 61513 61646 61803 61754 61790 61748 61766 61798 61842 61826 61875 61932 61955 61919 61959 61948 61906 61933 61948 61968 61856 61776 61808 61846 61886 61971 61990 62001 61947 61965
61929 61896 61839 61845 61875 61865 61865 61843 61825 61793 61853 61850 61818 61864 61866 61946 61951 61948 61904 62042 62020 61879 61859 61792 61840 61888 61909 61859 61766 61822 61797 61765 61711 61684 61712 61675 61779 61818 61810 61724 61651 61672 61642 61612 61635 61630 61622 61574 61597 61672 61673 61628 61636 61677 61717 61647 61656 61558 61529 61495
61534 61511 61537 61561 61576 61520 61447 61416 61377 61361 61345 61299 61333 61403 61324 61327 61365 61315 61350 61361 61238 61248 61299 61233 61250 61201 61240 61271 61299 61286 61314 61370 61375 61345 61383 61305 61261 61200 61249 61242 61302 61423 61553 61651 61623 61627 61596 61615 61545 61482 61394 61213 61191 61177 61147 61115 61122 61149 61117 61247
61195 61267 61174 61185 61234 61307 61318 61331 61334 61328 61341 61165 61064 61024 60951 60913 60843 60811 60854 60926 61009 61135 61142 61114 61105 61128 61101 61138 61099 61035 61035 61003 60953 60899 60948 60945 61035 60956 60974 60864 60823 60761 60765 60734 60839 60841 60798 60872 60893 60884 60919 60940 60875 60869 60859 60917 60957 60994 61111 61102
61136 61236 61274 61278 61283 61215 61258 61274 61239 61239 61306 61288 61361 61323 61268 61260 61316 61337 61320 61370 61485 61492 61430 61405 61425 61454 61482 61552 61578 61530 61536 61525 61569 61549 61643 61670 61737 61712 61618 61610 61603 61567 61569 61644 61632 61635 61681 61695 61724 61753 61800 61846 61907 61886 61940 61838 61921 61959 61920 61924
61948 61924 61928 61892 61936 61900 61947 61967 61967 62034 61984 61990 62015 61944 61980 61998 61962 62007 62007 61955 62018 62196 62335 62406 62414 62464 62420 62372 62209 62133 61990 61885 61903 61932 61990 61959 61987 62006 62022 62011 62030 62030 61987 62059 62092 62119 62111 62193 62200 62206 62175 62091 62090 62146 62168 62142 62162 62211 62168 62199
62224 62252 62310 62349 62407 62425 62481 62437 62476 62431 62448 62555 62591 62597 62599 62743 62851 62879 62885 62943 62983 62966 62939 62931 62958 62980 63053 63044 63087 63107 63055 63065 63059 63059 63099 63098 63107 63059 63071 63053 63011 63040 63038 63061 62883 62784 62709 62621 62552 62554 62565 62646 62762 62843 62944 63059 63067 62989 63010 62926
62845 62869 62844 62816 62742 62778 62724 62648 62649 62506 62505 62475 62525 62467 62520 62443 62392 62436 62421 62397 62415 62412 62431 62470 62390 62325 62441 62393 62431 62440 62419 62416 62413 62495 62528 62532 62462 62439 62414 62409 62297 62306 62378 62343 62365 62374 62336 62281 62286 62305 62344 62386 62291 62262 62296 62303 62343 62268 62241 62358
62348 62362 62358 62391 62377 62428 62444 62465 62425 62441 62409 62423 62428 62502 62466 62519 62502 62551 62495 62491 62492 62435 62445 62478 62467 62451 62591 62668 62692 62733 62795 62763 62732 62715 62587 62492 62323 62186 62171 62157 62098 62176 62201 62204 62194 62177 62227 62214 62215 62257 62254 62260 62250 62310 62350 62338 62294 62307 62290 62344
62360 62375 62346 62329 62357 62349 62314 62320 62287 62275 62309 62355 62298 62266 62181 62148 62165 62230 62188 62210 62276 62346 62347 62385 62385 62376 62297 62381 62498 62471 62346 62282 62208 62150 62055 62063 62071 62140 62191 62294 62298 62450 62508 62531 62626 62722 62736 62760 62804 62871 62815 62886 62935 62931 62971 63013 63031 63070 63149 63128
63204 63240 63234 63320 63319 63284 63317 63211 63230 63235 63253 63246 63288 63247 63239 63144 63107 63020 63049 63124 63136 63104 63169 63171 63247 63331 63415 63448 63466 63474 63455 63519 63508 63497 63475 63474 63484 63422 63418 63422 63371 63411 63520 63569 63585 63581 63573 63641 63606 63595 63626 63603 63691 63737 63734 63733 63710 63733 63686 63728
63790 63828 63878 63880 63901 63886 63873 63917 63991 64129 64321 64431 64481 64512 64483 64374 64289 64129 63926 63745 63762 63708 63732 63717 63682 63755 63704 63661 63682 63720 63734 63777 63688 63778 63731 63718 63616 63611 63626 63606 63649 63647 63684 63633 63670 63601 63670 63695 63688 63649 63665 63633 63656 63619 63675 63600 63585 63660 63575 63542
63569 63594 63573 63542 63502 63482 63491 63520 63532 63486 63427 63376 63401 63425 63414 63430 63507 63464 63442 63449 63505 63510 63513 63451 63471 63453 63513 63516 63441 63393 63339 63321 63325 63377 63419 63262 63126 63024 62987 63053 63036 63047 63088 63251 63310 63489 63713 63784 63797 63753 63773 63792 63831 63883 63942 63966 64135 64121 64124 64108
64073 64035 64001 63993 63980 63931 64054 64147 64240 64219 64213 64261 64261 64197 64219 64278 64285 64312 64347 64295 64215 64215 64232 64205 64132 64154 64107 64058 64063 64054 64084 64079 64034 64051 64047 63973 63933 63872 63902 63999 63997 64065 64091 63998 63947 63956 64010 64083 64077 64032 64111 64080 64124 64158 64119 64194 64184 64194 64207 64245
64231 64228 64170 64211 64237 64288 64284 64324 64410 64415 64480 64483 64534 64534 64604 64530 64545 64452 64598 64750 64944 65043 65032 65009 65065 65030 64913 64761 64777 64617 64592 64680 64685 64639 64629 64667 64697 64757 64738 64767 64823 64882 64877 64919 64887 64859 64836 64859 64894 64844 64807 64841 64779 64760 64714 64682 64719 64614 64698 64687
64704 64674 64770 64783 64641 64529 64408 64383 64449 64470 64501 64581 64651 64869 65017 64977 64932 64977 65053 65086 65048 65089 65144 65152 65143 65155 65219 65198 65251 65282 65256 65222 65230 65253 65240 65296 65333 65350 65318 65321 65371 65453 65432 65475 65509 65403 65411 65419 65387 65298 65320 65284 65277 65282 65341 65495 65456 65436 65478 65478
65462 65434 65392 65458 65381 65377 65356 65436 65435 65481 65412 65360 65352 65330 65381 65420 65436 65458 65407 65434 65476 65501 65544 65523 65535 65591 65634 65695 65682 65667 65650 65600 65607 65688 65705 65748 65751 65734 65747 65798 65786 65818 65763 65822 65826 65878 65937 65901 65982 66028 65942 65932 65911 65760 65735 65741 65739 65722 65701 65702
65633 65738 65798 65819 65872 65939 65931 65996 66053 66103 66327 66482 66661 66740 66738 66751 66675 66552 66421 66301 66158 65973 65956 65959 65959 65937 65954 65966 65894 65819 65864 65869 65988 66062 66013 66001 65902 65880 65921 65982 65977 66114 66136 66102 66032 66100 66032 65943 65950 65859 65935 65876 65888 65849 65828 65757 65798 65841 65889 65732
65786 65813 65833 65820 65919 65892 65896 65921 65974 65979 66004 66032 66016 66010 65997 66014 66085 66062 66154 66221 66181 66130 66199 66177 66153 66155 66170 66144 66195 66197 66193 66297 66308 66315 66107 66003 65907 65792 65681 65671 65591 65671 65708 65783 65998 66052 66088 66175 66191 66209 66248 66273 66297 66247 66258 66211 66271 66191 66205 66241
66208 66330 66329 66268 66273 66262 66237 66272 66306 66346 66369 66371 66423 66326 66233 66243 66279 66304 66276 66341 66373 66391 66455 66408 66522 66540 66601 66642 66657 66715 66702 66711 66725 66767 66777 66868 66828 66744 66732 66638 66645 66631 66546 66532 66528 66568 66523 66498 66551 66515 66481 66478 66616 66654 66614 66640 66744 66748 66723 66674
66681 66622 66616 66614 66744 66851 66816 66846 66835 66842 66787 66784 66643 66587 66439 66375 66466 66487 66506 66556 66557 66558 66505 66562 66547 66515 66436 66458 66433 66512 66498 66423 66501 66456 66443 66460 66460 66457 66473 66481 66471 66455 66485 66506 66513 66548 66534 66496 66518 66574 66529 66455 66451 66466 66494 66598 66568 66580 66597 66612
66600 66580 66560 66503 66446 66449 66400 66355 66380 66363 66363 66414 66458 66498 66577 66513 66470 66454 66479 66535 66505 66531 66565 66582 66553 66525 66520 66424 66406 66479 66513 66459 66382 66351 66347 66368 66286 66212 66290 66297 66322 66370 66380 66305 66263 66328 66291 66216 66090 66006 65891 65883 65769 65890 65937 66107 66318 66471 66608 66673
66682 66650 66653 66615 66606 66573 66652 66646 66626 66652 66688 66663 66724 66755 66796 66854 66724 66668 66749 66784 66875 66886 66952 66959 66980 66938 66922 67015 67000 66926 66836 66920 66941 66920 67002 67009 67011 67005 66922 66939 66874 66950 66967 67084 67121 67072 67116 67202 67171 67139 67177 67255 67262 67238 67251 67243 67274 67333 67411 67354
67303 67460 67544 67604 67588 67678 67622 67634 67555 67420 67361 67147 67037 67004 67026 67002 67065 67082 67155 67037 67035 67023 67038 67017 67066 67106 67142 67217 67277 67327 67245 67208 67152 67201 67208 67203 67237 67264 67330 67316 67371 67362 67388 67303 67336 67327 67364 67354 67365 67464 67587 67614 67549 67551 67649 67687 67699 67703 67747 67730
67875 67825 67807 67920 67983 67908 67901 67923 67972 67936 68006 67994 68040 68040 68050 68030 68074 68062 68148 68116 68132 68154 68242 68319 68346 68297 68299 68307 68212 68266 68266 68286 68249 68315 68343 68401 68425 68413 68485 68411 68342 68341 68385 68376 68408 68277 68133 68020 67948 67923 67857 67807 67842 67912 68012 68164 68350 68300 68355 68355
68372 68367 68393 68311 68387 68319 68291 68271 68246 68287 68326 68451 68397 68364 68389 68332 68397 68390 68307 68298 68342 68340 68328 68355 68457 68412 68516 68554 68565 68583 68487 68551 68622 68621 68536 68421 68468 68480 68418 68335 68327 68370 68328 68311 68348 68340 68330 68298 68370 68347 68311 68323 68232 68285 68391 68419 68382 68489 68482 68542
68530 68614 68568 68584 68674 68769 68812 68829 68794 68713 68692 68678 68680 68742 68823 68811 68822 68831 68865 68886 68799 68724 68808 68877 68859 68891 68990 68994 69011 68991 68954 69009 68961 68956 68987 69029 69093 69158 69290 69411 69559 69500 69497 69456 69292 69266 69146 68943 68776 68755 68726 68756 68724 68693 68679 68648 68650 68614 68543 68498
68544 68537 68573 68631 68651 68609 68584 68582 68563 68661 68654 68715 68801 68779 68787 68816 68763 68813 68653 68563 68475 68412 68312 68333 68336 68372 68458 68559 68711 68853 68861 68984 69011 69009 69068 69161 69196 69227 69252 69226 69199 69151 69184 69105 69038 68983 68967 68967 68966 68977 68991 69001 69060 69106 69139 69091 69168 69200 69200 69133
69094 69086 69122 69172 69170 69190 69166 69176 69167 69102 69127 69162 69207 69231 69188 69302 69222 69249 69244 69245 69202 69190 69158 69143 69116 69114 69123 69047 69045 69039 69035 69015 69022 68987 69008 68992 69059 69056 69028 69044 69067 69080 69123 69183 69214 69279 69255 69270 69256 69273 69338 69255 69320 69353 69412 69526 69593 69641 69673 69679
69666 69745 69717 69672 69630 69650 69787 69883 70011 70171 70238 70268 70371 70326 70270 70247 70122 69937 69969 70042 69988 70006 70092 70138 70135 70125 70136 70164 70181 70231 70210 70207 70182 70168 70198 70241 70305 70351 70403 70479 70511 70511 70447 70423 70427 70412 70413 70551 70639 70569 70610 70587 70570 70543 70512 70508 70466 70424 70492 70434
70455 70463 70445 70562 70582 70534 70508 70614 70538 70598 70598 70594 70649 70618 70673 70723 70763 70743 70720 70785 70809 70804 70868 70849 70919 70814 70816 70851 70911 70956 70881 70831 70847 70949 70989 70939 70952 70982 71022 71052 71086 71101 71078 70919 70863 70661 70666 70647 70629 70646 70715 70753 70874 70995 71189 71216 71194 71055 71138 71218
71165 71251 71252 71334 71329 71347 71353 71423 71358 71373 71381 71430 71447 71458 71464 71534 71525 71528 71542 71574 71635 71546 71576 71646 71654 71614 71621 71591 71643 71603 71488 71471 71466 71514 71494 71525 71515 71558 71539 71565 71581 71579 71563 71607 71623 71652 71716 71824 71864 71858 71907 71839 71841 71878 71794 71813 71842 71876 71792 71810
