0 -14 -15 -40 -43 16 -13 -29 8 -16 -42 -83 -49 -40 -74 -128 -88 -108 -74 -61 -122 -100 -110 -78 -18 -123 -182 -161 -159 -197 -204 -186 -232 -201 -226 -255 -224 -317 -283 -311 -357 -297 -343 -267 -305 -278 -302 -291 -278 -236 -310 -328 -344 -300 -385 -493 -415 -471 -442 -394
-443 -436 -520 -510 -498 -487 -469 -476 -432 -411 -373 -329 -360 -377 -371 -344 -356 -417 -356 -405 -392 -277 -290 -297 -262 -239 -217 -143 -138 -91 9 10 24 100 211 211 225 192 282 266 297 362 268 350 316 360 567 774 923 1040 1080 1099 1071 1040 952 802 731 598 557 559
520 582 560 495 491 483 481 501 548 609 609 639 648 610 509 503 505 540 501 436 448 420 452 478 482 475 495 417 417 455 487 479 469 411 335 204 107 45 -4 -27 -31 49 93 225 328 530 519 525 532 476 425 412 479 503 562 586 552 564 571 705
694 666 744 764 842 826 877 799 771 781 730 763 781 781 818 717 699 735 717 755 773 763 711 632 637 656 546 564 558 542 510 502 528 484 451 440 385 402 470 439 369 421 349 349 349 379 347 326 438 489 477 515 540 576 552 634 653 618 565 505
519 652 695 704 730 735 831 886 861 964 951 984 945 877 939 955 1079 1033 1013 997 1039 1034 1022 1017 1045 1040 1058 1105 1096 1089 1080 1040 1136 1273 1304 1428 1553 1597 1528 1470 1409 1364 1282 1145 1188 1143 1162 1205 1269 1245 1268 1322 1392 1369 1386 1396 1464 1578 1620 1502
1473 1545 1547 1476 1377 1395 1428 1557 1603 1603 1578 1614 1678 1613 1657 1623 1650 1657 1667 1699 1554 1547 1583 1594 1591 1559 1616 1656 1607 1614 1591 1538 1567 1540 1577 1599 1678 1636 1581 1568 1542 1507 1567 1424 1279 1233 1172 1152 1147 1134 1263 1389 1481 1655 1780 1763 1771 1833 1747 1857
1822 1773 1861 1884 1877 1960 1928 1888 1873 1910 1932 1971 2066 2086 2104 2097 2102 2161 2186 2215 2285 2329 2408 2382 2315 2348 2366 2357 2411 2366 2409 2403 2455 2418 2425 2424 2435 2454 2433 2359 2381 2412 2505 2512 2504 2451 2499 2511 2531 2586 2612 2605 2624 2702 2694 2632 2665 2733 2797 2762
2754 2728 2831 2925 2986 3096 3046 3132 3122 3118 3005 2910 2827 2745 2717 2686 2773 2668 2729 2749 2707 2749 2818 2862 2891 2918 3053 3124 3098 3141 3073 3099 3040 2978 2985 3001 3020 3036 2984 2946 2880 2884 2911 2875 2890 2904 2926 2957 2962 3004 3000 2973 2930 2915 2881 2857 2919 2873 2888 2886
2907 2945 3024 3015 3042 3140 3139 3202 3241 3274 3265 3218 3231 3323 3311 3387 3378 3421 3407 3408 3398 3420 3486 3516 3538 3538 3414 3291 3235 3103 3146 3063 3159 3209 3385 3456 3576 3658 3741 3760 3814 3899 3878 3825 3829 3891 3892 3856 3916 3850 3786 3826 3717 3665 3710 3734 3762 3863 3897 3891
3891 3966 3973 3967 3898 3936 3956 3913 4016 3945 3892 3982 4073 4185 4138 4102 4170 4107 4138 4225 4151 3968 4023 3952 3946 3930 3855 3807 3774 3874 3887 3887 3970 3943 3983 3982 4000 3968 3961 3892 3927 3967 4025 4006 3972 3939 3915 4026 4084 4082 4063 4111 4119 4104 4061 4034 4165 4175 4184 4143
4222 4275 4314 4389 4383 4425 4349 4505 4642 4782 4848 4839 4748 4704 4689 4518 4390 4236 4089 4115 4057 3989 4032 3979 3919 3897 3980 3963 3940 4007 4000 3991 3991 4040 4143 4137 4056 4100 4103 4111 4099 4077 4089 4133 4091 4143 4141 4115 4083 4147 4165 4157 4208 4236 4306 4333 4312 4293 4271 4230
4088 4081 4170 4096 4123 4110 4062 4101 3865 3756 3684 3600 3554 3421 3441 3538 3642 3666 3786 3910 3925 3880 3966 4065 4034 4062 4110 4061 4023 4072 4074 4097 4153 4125 4146 4219 4204 4257 4276 4242 4258 4241 4331 4410 4490 4520 4557 4642 4613 4665 4611 4618 4568 4561 4579 4535 4511 4522 4539 4578
4603 4587 4531 4533 4551 4559 4532 4553 4638 4628 4677 4734 4749 4708 4741 4870 4872 4757 4787 4813 4805 4706 4678 4632 4653 4622 4734 4808 4825 4984 4984 4944 5011 5098 5037 5092 5027 5024 4985 4983 4972 4998 4982 5052 5076 5139 5098 5125 5083 5169 5227 5222 5222 5144 5171 5176 5215 5282 5330 5298
5298 5274 5419 5636 5756 5874 5821 5839 5816 5775 5698 5559 5443 5252 5232 5194 5179 5169 5120 5096 5101 5159 5152 5169 5216 5236 5297 5322 5269 5242 5274 5355 5320 5283 5290 5285 5331 5292 5391 5399 5444 5386 5397 5423 5434 5404 5427 5434 5445 5477 5511 5492 5570 5573 5559 5602 5544 5612 5679 5718
5667 5590 5611 5702 5675 5664 5695 5730 5795 5815 5809 5788 5877 5852 5880 5902 5947 5983 5928 5888 5889 5941 5946 5986 6009 5921 5797 5663 5536 5486 5408 5408 5533 5523 5624 5677 5771 5732 5764 5748 5658 5687 5695 5691 5726 5669 5666 5704 5759 5753 5706 5690 5608 5690 5693 5677 5656 5609 5585 5572
5635 5731 5696 5762 5794 5864 5845 5825 5857 5826 5800 5786 5741 5710 5790 5799 5802 5811 5777 5679 5769 5753 5765 5824 5844 5764 5715 5748 5693 5709 5747 5796 5848 5827 5822 5769 5723 5711 5661 5700 5680 5680 5650 5588 5681 5670 5638 5588 5630 5538 5552 5564 5560 5626 5674 5639 5726 5764 5821 5903
5852 5988 6112 6313 6433 6394 6353 6354 6310 6353 6238 6076 5914 5834 5886 5917 5811 5832 5825 5781 5768 5801 5838 5777 5778 5853 5825 5719 5682 5690 5670 5618 5601 5527 5498 5463 5546 5521 5573 5599 5564 5472 5465 5429 5451 5496 5477 5536 5672 5677 5710 5708 5741 5746 5770 5739 5697 5676 5632 5603
5624 5606 5626 5662 5687 5646 5660 5614 5596 5509 5541 5482 5453 5469 5497 5450 5380 5425 5406 5298 5200 5061 4914 4806 4696 4645 4707 4683 4733 4873 5017 5089 5064 5075 5002 5031 5032 5076 5052 5078 5030 4978 4964 4880 4798 4769 4775 4770 4741 4783 4799 4837 4938 4891 4805 4829 4813 4887 4950 4931
4910 4913 4968 4893 4841 4833 4822 4809 4863 4878 4825 4845 4859 4902 4915 4989 4983 4976 5026 4997 5002 4974 5035 5046 5009 5079 5153 5209 5242 5238 5161 5230 5300 5314 5297 5310 5428 5437 5457 5504 5478 5456 5478 5430 5503 5437 5417 5353 5418 5467 5436 5384 5371 5391 5423 5510 5557 5553 5591 5634
5658 5710 5728 5694 5693 5694 5695 5769 5811 5863 5866 5803 5906 5898 5902 5918 5887 6005 5977 6034 6038 6217 6366 6539 6627 6734 6775 6650 6633 6563 6419 6337 6165 6170 6173 6222 6274 6320 6300 6350 6394 6464 6499 6515 6493 6432 6435 6422 6518 6537 6426 6460 6503 6538 6570 6521 6534 6481 6524 6500
6456 6523 6519 6547 6523 6539 6524 6566 6667 6641 6642 6656 6665 6556 6618 6554 6482 6494 6393 6305 6242 6240 6209 6251 6247 6267 6282 6326 6388 6380 6346 6373 6357 6339 6468 6436 6372 6112 6089 5995 5821 5758 5657 5719 5713 5843 5955 6103 6178 6219 6220 6185 6202 6180 6126 6058 6019 6037 6114 6100
6089 6093 6056 6048 6020 6079 6110 6076 6185 6207 6113 6145 6168 6084 6153 6161 6072 6083 6028 6019 5939 6033 5953 5918 6010 6019 5976 5977 5991 5891 5818 5815 5816 5811 5813 5766 5790 5738 5743 5750 5763 5815 5786 5749 5781 5736 5660 5663 5753 5849 5848 5858 5915 5940 5846 5906 5910 5945 5956 5957
6015 6040 6119 6020 6067 6088 6145 6171 6140 6124 6115 6051 6049 5975 6031 6096 6091 6020 5944 5989 6005 6089 6162 6162 6120 6148 6197 6223 6198 6255 6303 6405 6616 6739 6860 6931 7002 7046 7010 6827 6824 6723 6617 6488 6488 6521 6597 6675 6605 6661 6626 6700 6653 6675 6678 6770 6766 6824 6834 6941
6957 6902 6991 6923 6843 6855 6932 6933 6941 6922 7038 7006 6998 7086 7091 7083 7046 7121 7133 7133 7093 7078 6961 6922 6706 6718 6698 6833 6919 6974 7059 7136 7244 7352 7350 7343 7267 7313 7365 7261 7344 7430 7375 7351 7409 7414 7401 7419 7456 7436 7437 7401 7399 7471 7505 7517 7548 7602 7636 7587
7583 7709 7723 7688 7617 7636 7578 7578 7564 7459 7401 7307 7358 7415 7483 7419 7443 7524 7536 7537 7456 7415 7409 7361 7352 7381 7336 7278 7314 7372 7427 7358 7386 7455 7444 7484 7477 7440 7465 7467 7450 7458 7431 7478 7460 7538 7584 7569 7535 7617 7656 7626 7668 7641 7613 7607 7547 7488 7520 7610
7597 7620 7626 7637 7623 7564 7499 7509 7457 7524 7670 7663 7683 7622 7689 7705 7681 7688 7743 7707 7758 7755 7708 7820 7856 7782 7816 7849 7929 7905 7991 8033 8015 7982 7977 8038 7932 7981 8104 8045 7978 8064 8087 8092 8212 8310 8439 8446 8491 8366 8255 8141 8010 8055 8032 7986 8058 8094 8038 7978
8035 8044 7990 7893 7747 7683 7539 7442 7440 7543 7589 7764 7905 7979 8131 8146 8057 8135 8088 8150 8055 8008 7918 7852 7839 7735 7748 7733 7826 7837 7870 7872 7879 7894 7813 7777 7709 7698 7706 7735 7640 7636 7635 7668 7676 7736 7691 7687 7644 7729 7650 7631 7647 7695 7656 7603 7629 7584 7562 7519
7502 7516 7448 7462 7512 7549 7615 7553 7510 7570 7588 7576 7556 7520 7549 7567 7599 7610 7600 7558 7523 7552 7639 7604 7664 7756 7794 7721 7752 7763 7853 7857 7851 7825 7868 7904 7926 7898 7954 7942 8024 8030 7957 7933 8023 7945 8005 8049 8041 8027 8023 7986 8001 8013 7942 7893 7966 7946 7998 8046
8118 8111 8078 8117 8279 8246 8243 8236 8333 8317 8350 8340 8350 8275 8298 8336 8309 8345 8442 8423 8445 8352 8295 8269 8184 8194 8190 8157 8244 8236 8190 8121 8163 8194 8349 8580 8682 8793 8841 8793 8750 8771 8719 8579 8511 8360 8348 8339 8322 8313 8289 8284 8286 8237 8306 8317 8310 8313 8314 8358
8364 8410 8520 8550 8617 8642 8658 8727 8742 8757 8759 8747 8744 8735 8787 8821 8761 8819 8873 8862 8824 8872 8849 8858 8794 8868 8976 8968 8895 8912 8912 8899 8847 8839 8866 8904 8920 9058 9147 9105 8904 8789 8730 8681 8561 8608 8628 8627 8693 8831 8923 9104 9072 9052 9138 8985 8959 9003 9035 8981
8963 8987 8971 8949 8991 9091 9103 9057 8962 8901 8840 8861 8797 8786 8776 8778 8867 8854 8932 9003 9055 8987 8974 8944 8911 8937 9024 9171 9210 9210 9224 9250 9279 9266 9259 9218 9205 9244 9157 9060 9112 9195 9168 9124 9069 9092 9127 9095 9067 9072 9139 9183 9201 9142 9178 9085 9137 9156 9106 9126
9192 9286 9331 9440 9326 9291 9282 9257 9360 9422 9381 9406 9279 9408 9477 9685 9806 9798 9724 9765 9622 9507 9526 9393 9169 9250 9334 9304 9324 9324 9265 9213 9129 9078 9208 9217 9185 9176 9121 9042 9069 9054 8977 8966 9008 8981 8971 8925 9012 9019 9064 9171 9208 9231 9212 9244 9149 9035 9081 9090
9114 9198 9225 9239 9282 9344 9350 9497 9513 9519 9556 9594 9576 9536 9569 9505 9503 9536 9597 9591 9606 9586 9535 9538 9550 9505 9505 9477 9563 9552 9550 9557 9560 9540 9405 9278 9162 9065 8883 8818 8929 9004 9096 9162 9241 9366 9391 9428 9348 9501 9491 9516 9570 9522 9570 9566 9560 9575 9602 9538
9552 9605 9563 9568 9568 9564 9684 9790 9868 9859 9920 9897 9946 9912 9920 9913 9981 9967 9954 10016 10022 10065 10039 9999 9977 9898 9938 9952 9996 10006 10029 10035 10045 9970 9957 9909 9920 9873 9869 9870 9879 9913 9918 9905 9924 9920 9912 9926 9935 10024 10038 10015 10032 10154 10216 10223 10190 10207 10249 10301
10280 10268 10304 10282 10365 10371 10300 10270 10270 10295 10317 10399 10408 10396 10351 10416 10466 10364 10332 10394 10405 10438 10433 10464 10465 10464 10374 10392 10366 10377 10340 10360 10453 10487 10436 10432 10409 10331 10336 10283 10330 10457 10590 10606 10706 10673 10684 10684 10703 10528 10381 10243 10272 10271 10200 10192 10158 10133 10187 10310
10382 10405 10426 10438 10423 10467 10475 10521 10574 10499 10528 10580 10620 10683 10642 10675 10586 10580 10587 10558 10584 10546 10504 10539 10544 10550 10461 10494 10514 10495 10483 10471 10476 10456 10466 10344 10422 10546 10577 10550 10555 10610 10648 10555 10373 10192 10126 10020 10004 9892 9953 10022 10081 10169 10273 10347 10346 10397 10424 10439
10435 10386 10313 10303 10345 10267 10246 10266 10226 10203 10212 10140 10096 10101 10147 10067 10096 10165 10113 10193 10303 10267 10151 10285 10371 10294 10243 10324 10311 10318 10272 10263 10255 10140 10189 10236 10251 10280 10255 10347 10270 10309 10258 10320 10341 10339 10401 10328 10294 10252 10213 10227 10256 10240 10214 10236 10216 10228 10332 10369
10348 10362 10376 10310 10253 10210 10164 10199 10193 10105 10157 10194 10247 10369 10395 10374 10394 10394 10496 10633 10697 10885 10908 10867 10906 10811 10777 10676 10468 10326 10335 10335 10351 10307 10222 10266 10254 10314 10461 10464 10502 10526 10410 10436 10469 10528 10584 10511 10515 10586 10588 10633 10581 10593 10594 10546 10589 10615 10560 10521
10541 10517 10500 10465 10489 10554 10577 10574 10563 10664 10607 10548 10535 10564 10580 10620 10751 10834 10829 10847 10887 10815 10915 10860 10869 10881 10918 10888 10928 10948 10922 10822 10673 10689 10618 10644 10605 10664 10752 10799 10911 10974 11110 11046 11040 11012 11039 11048 10963 10955 11008 10992 11050 10984 10976 11009 11040 11100 11110 11136
11102 11082 11091 11179 11213 11221 11215 11269 11254 11240 11179 11187 11127 11084 11021 11073 11022 11005 11049 11016 10993 11052 11088 11040 11077 11035 11024 11078 11161 11124 11147 11160 11176 11282 11376 11297 11204 11193 11132 11132 11195 11157 11104 11187 11279 11322 11379 11377 11370 11388 11362 11412 11425 11340 11225 11213 11094 11056 10987 10931
10842 10821 10797 10797 10778 10836 10908 10908 10891 10823 10809 10839 10828 10848 10862 10862 10915 10918 10865 10938 10901 10968 10956 10930 11004 11124 11441 11557 11695 11771 11811 11832 11888 11766 11728 11550 11414 11420 11347 11436 11492 11624 11673 11649 11610 11658 11632 11659 11679 11665 11613 11529 11571 11642 11684 11722 11789 11766 11783 11674
11709 11663 11648 11628 11651 11752 11789 11760 11830 11783 11858 11945 11947 11875 11839 11787 11717 11737 11675 11728 11733 11848 11949 12071 12250 12212 12268 12321 12338 12301 12321 12392 12421 12430 12418 12474 12507 12542 12515 12522 12516 12536 12461 12491 12439 12424 12477 12434 12442 12424 12481 12489 12477 12526 12528 12605 12684 12749 12615 12624
12609 12652 12598 12528 12514 12566 12568 12560 12509 12491 12535 12477 12548 12522 12416 12419 12389 12361 12408 12413 12451 12469 12485 12499 12542 12549 12566 12584 12546 12465 12532 12534 12534 12607 12600 12670 12725 12752 12704 12831 12836 12851 12869 12890 12896 12932 12885 12829 12801 12805 12736 12721 12781 12726 12757 12685 12746 12698 12738 12729
12690 12692 12695 12655 12692 12644 12629 12581 12620 12664 12682 12728 12667 12709 12648 12642 12679 12625 12555 12609 12555 12553 12529 12586 12573 12572 12495 12532 12524 12505 12389 12337 12408 12526 12561 12552 12547 12535 12745 12866 12945 12982 13078 13059 13000 12977 12965 12936 12792 12726 12828 12893 12952 12966 12987 13033 13043 13024 12979 12994
12995 13028 13057 13079 13094 13087 13123 13180 13138 13177 13230 13162 13150 13172 13151 13125 13075 12988 12934 12926 12943 12949 12870 12864 12767 12734 12717 12609 12692 12686 12743 12861 12719 12518 12478 12490 12417 12325 12295 12238 12242 12298 12354 12499 12503 12602 12658 12607 12614 12657 12676 12670 12714 12645 12770 12800 12816 12862 12911 12898
12852 12801 12773 12778 12736 12700 12737 12723 12680 12716 12741 12757 12748 12767 12735 12736 12753 12726 12746 12801 12749 12771 12806 12833 12897 12977 13053 13040 13061 13057 13103 13146 13148 13157 13123 13179 13258 13292 13308 13375 13308 13292 13289 13217 13216 13237 13154 13090 13094 13154 13046 13094 13047 13064 13094 13156 13129 13078 12988 12930
12913 12897 12926 12927 12911 12970 13048 13144 13146 13113 13174 13257 13311 13322 13356 13389 13413 13429 13530 13584 13677 13653 13749 13787 13961 14178 14330 14413 14507 14506 14593 14562 14484 14426 14389 14189 14217 14163 14170 14192 14266 14311 14282 14304 14319 14377 14374 14438 14419 14479 14507 14504 14530 14486 14477 14506 14475 14520 14631 14714
14592 14567 14494 14496 14433 14433 14396 14381 14314 14328 14326 14333 14326 14372 14349 14375 14403 14500 14504 14557 14548 14523 14553 14473 14432 14486 14509 14592 14528 14447 14419 14433 14456 14427 14448 14483 14445 14457 14492 14460 14299 14175 14033 13955 13848 13775 13828 13821 13921 14035 14256 14441 14441 14395 14391 14465 14461 14486 14439 14477
14531 14547 14470 14423 14434 14396 14413 14307 14336 14297 14247 14359 14391 14251 14246 14242 14132 14080 14063 14076 14105 14167 14123 14104 14094 14117 14162 14179 14236 14270 14309 14341 14407 14404 14351 14271 14281 14230 14235 14458 14509 14521 14516 14497 14438 14517 14481 14501 14496 14500 14419 14384 14324 14320 14262 14338 14319 14293 14351 14337
14279 14249 14318 14243 14187 14269 14339 14438 14497 14626 14719 14736 14717 14692 14494 14457 14304 14131 14194 14245 14370 14404 14444 14444 14398 14417 14463 14463 14429 14401 14351 14320 14391 14387 14371 14458 14523 14514 14593 14551 14571 14527 14373 14382 14413 14439 14471 14496 14507 14548 14497 14488 14462 14537 14491 14529 14499 14474 14458 14467
14361 14375 14451 14422 14439 14494 14411 14353 14365 14344 14435 14409 14391 14358 14287 14358 14354 14326 14331 14336 14364 14215 14132 14040 14041 14007 13995 14017 14160 14120 14141 14231 14337 14358 14227 14207 14185 14145 14173 14321 14352 14332 14340 14293 14197 14253 14230 14281 14306 14341 14327 14330 14373 14470 14502 14466 14479 14478 14478 14471
14409 14427 14371 14359 14356 14406 14514 14439 14394 14320 14276 14239 14305 14224 14197 14199 14214 14174 14159 14174 14180 14116 14158 14199 14154 14145 14209 14143 14052 14079 14131 14114 14127 14187 14147 14055 14062 14085 14163 14191 14210 14210 14201 14285 14291 14193 14184 14237 14174 14131 14090 14112 14026 14026 14066 14148 14119 14114 14039 14040
14059 14022 14045 14039 14089 14072 14114 14077 14160 14292 14423 14481 14556 14483 14426 14254 14123 14005 13772 13623 13591 13598 13598 13577 13593 13618 13595 13560 13466 13507 13496 13513 13559 13564 13594 13527 13613 13574 13634 13662 13673 13687 13763 13869 13845 13871 13854 13763 13784 13817 13821 13850 13868 13910 13960 13985 13983 13990 13994 13943
13886 13806 13817 13848 13868 13927 13902 13884 13790 13838 13784 13841 13788 13873 13972 13984 13979 14030 14092 14151 13967 13904 13810 13737 13722 13677 13600 13695 13797 13990 14144 14313 14270 14280 14349 14312 14332 14332 14245 14306 14256 14203 14211 14204 14154 14207 14237 14231 14287 14307 14271 14227 14194 14138 14192 14176 14191 14171 14150 14184
14208 14246 14269 14358 14397 14322 14333 14286 14285 14283 14279 14318 14269 14259 14253 14201 14226 14301 14351 14382 14348 14281 14302 14350 14418 14478 14494 14484 14419 14447 14484 14521 14505 14438 14425 14406 14433 14450 14431 14447 14400 14465 14474 14486 14491 14495 14417 14408 14380 14338 14392 14416 14462 14478 14382 14331 14338 14303 14281 14286
14342 14364 14329 14373 14387 14335 14325 14344 14338 14278 14242 14310 14299 14273 14211 14246 14360 14305 14283 14243 14239 14179 14140 14160 14221 14246 14276 14287 14309 14309 14344 14363 14449 14561 14535 14593 14593 14658 14677 14661 14685 14700 14757 14952 15080 15151 15270 15308 15328 15300 15224 15158 15078 14958 14807 14761 14741 14711 14763 14833
14791 14773 14817 14746 14833 14796 14782 14763 14731 14707 14725 14742 14785 14757 14804 14840 14860 14844 14839 14789 14748 14798 14826 14847 14927 14908 14945 14975 14939 14963 14955 14866 14947 14935 14936 14944 14932 14978 14949 14905 14869 14918 14746 14627 14507 14339 14314 14335 14366 14412 14525 14659 14756 14866 14775 14748 14699 14766 14710 14699
14727 14735 14700 14625 14672 14653 14636 14641 14635 14724 14725 14674 14736 14758 14758 14737 14734 14723 14646 14653 14660 14601 14610 14632 14588 14590 14734 14763 14784 14863 14872 14840 14905 14955 14931 14891 14847 14966 14939 14902 14898 14937 14974 14971 14951 14856 14869 14976 15136 15153 15215 15172 15256 15325 15287 15375 15300 15439 15408 15391
15395 15435 15421 15422 15333 15414 15471 15471 15464 15459 15558 15552 15473 15557 15568 15591 15505 15514 15550 15523 15624 15793 15933 15956 16030 16019 15978 15929 15853 15843 15764 15781 15790 15765 15688 15701 15818 15790 15764 15756 15716 15683 15665 15681 15643 15610 15678 15641 15637 15682 15711 15676 15675 15622 15723 15723 15764 15754 15705 15715
15767 15843 15890 15904 15936 15932 16050 16059 16063 16140 16146 16267 16267 16337 16425 16387 16355 16408 16417 16342 16353 16219 16034 15865 15753 15676 15730 15681 15691 15779 15854 15994 16065 16065 16058 16058 16065 16035 15958 15994 16066 16110 16146 16070 16146 16169 16202 16297 16246 16184 16081 16055 16203 16250 16209 16219 16249 16256 16187 16175
16199 16241 16142 16144 16255 16289 16266 16293 16307 16242 16182 16158 16174 16195 16266 16178 16207 16185 16138 16168 16172 16235 16215 16273 16301 16226 16162 16021 15973 15954 15829 15816 15881 15909 15910 15942 15961 15871 15892 15889 15934 15830 15767 15715 15808 15895 15858 15895 15904 15935 15937 15927 15865 15888 15884 15886 15894 15898 15858 15884
15887 15877 15797 15815 15848 15906 15915 15874 15919 15961 15904 15915 16046 16073 16196 16294 16443 16475 16613 16645 16557 16528 16452 16305 16112 16089 16086 16099 16063 16089 16068 16110 16225 16216 16251 16308 16339 16349 16376 16377 16336 16364 16439 16407 16452 16348 16363 16392 16318 16265 16335 16321 16308 16256 16315 16349 16356 16424 16361 16421
16451 16438 16375 16324 16269 16166 16219 16224 16137 16118 16162 16228 16295 16314 16370 16226 16096 15933 15853 15825 15715 15737 15826 15901 15946 16081 16182 16240 16266 16313 16279 16200 16102 16171 16120 16124 16142 16146 16153 16154 16175 16151 16125 16128 16082 16125 16102 16086 16008 16075 16063 16108 16107 16190 16267 16341 16348 16408 16467 16574
16608 16629 16687 16709 16737 16722 16717 16755 16739 16807 16823 16824 16750 16822 16868 16881 16793 16747 16771 16702 16811 16869 16869 16829 16817 16841 16872 16845 16818 16885 16958 16958 16858 16865 16828 16860 16818 16902 16962 16960 16931 16914 16995 17078 17095 17097 17111 17112 17113 17136 17134 17105 17025 17069 17171 17152 17188 17073 17153 17177
17351 17366 17366 17367 17422 17396 17337 17440 17660 17800 17863 17976 18063 18092 18123 18012 17950 17784 17762 17732 17762 17724 17705 17725 17793 17849 17906 17840 17829 17832 17905 17934 17939 17955 17934 17867 17862 17882 17854 17865 17905 17970 18009 18066 18016 18013 17956 17982 17926 17966 17964 17991 18052 18010 18083 17998 17985 17940 17938 17996
17952 17914 17959 18011 18019 18031 18057 18096 18116 18148 18177 18184 18170 18229 18239 18173 18210 18178 18274 18256 18234 18162 18192 18104 18114 18042 18025 18008 18022 18132 18024 17989 17979 17936 17923 17838 17924 17822 17741 17768 17788 17771 17777 17714 17852 17884 17848 17705 17634 17453 17381 17280 17239 17269 17375 17373 17443 17610 17674 17757
17817 17846 17825 17842 18004 17965 17986 17969 17905 17911 17847 17880 17888 17846 17838 17854 17925 17943 17980 17964 18009 17981 18036 18015 17980 17977 18036 17981 17969 18036 18062 18055 17992 18035 18014 17990 17974 18005 17995 18055 18072 18193 18195 18205 18134 18150 18235 18226 18187 18313 18390 18373 18412 18451 18417 18471 18490 18458 18574 18609
18672 18725 18726 18766 18779 18827 18775 18747 18693 18714 18677 18684 18703 18634 18691 18734 18668 18695 18735 18709 18652 18700 18633 18705 18645 18706 18751 18767 18783 18770 18919 19070 19122 19198 19261 19234 19148 19117 19042 19004 18914 18848 18773 18678 18764 18724 18736 18721 18749 18708 18762 18791 18803 18805 18798 18779 18769 18733 18741 18721
18701 18699 18652 18609 18635 18640 18561 18628 18662 18672 18701 18726 18776 18861 18856 18765 18739 18736 18693 18627 18585 18612 18490 18492 18520 18541 18449 18508 18535 18667 18615 18579 18447 18338 18214 18149 18100 18198 18217 18296 18383 18470 18561 18549 18584 18629 18581 18500 18577 18525 18588 18612 18607 18607 18551 18601 18658 18646 18691 18618
18596 18537 18561 18585 18576 18667 18620 18688 18608 18592 18714 18676 18752 18822 18834 18777 18840 18807 18863 18856 18850 18901 18931 18929 18970 18920 18937 18968 19012 19048 19093 19152 19194 19265 19203 19135 19169 19152 19097 19046 19078 19059 19133 19088 18970 18969 19019 18996 19041 19101 19054 19046 19125 19132 19129 19026 18945 19006 18997 18924
18954 18867 18844 18867 18851 18857 18879 18959 18918 18946 19021 19009 18995 18953 19007 19087 19128 19186 19160 19104 19248 19423 19483 19555 19564 19609 19615 19648 19684 19556 19460 19285 19244 19293 19325 19458 19466 19451 19480 19483 19475 19539 19508 19494 19569 19553 19597 19593 19597 19569 19527 19535 19553 19541 19505 19497 19524 19571 19521 19466
19536 19496 19444 19469 19489 19546 19552 19565 19516 19533 19540 19482 19461 19425 19405 19408 19320 19321 19256 19372 19368 19383 19331 19397 19406 19269 19290 19314 19223 19271 19281 19180 19169 19205 19203 19169 19198 19272 19243 19095 18960 18779 18728 18663 18647 18662 18695 18801 18824 18960 19123 19090 19065 19040 18937 18976 18933 18949 18993 19040
19067 19108 19073 19144 19171 19125 19131 19060 19117 19081 19115 19044 19030 19091 19090 19078 19097 19051 19001 18931 18899 18949 19012 19016 19049 19023 19076 19179 19171 19183 19166 19169 19144 19098 19173 19200 19211 19195 19151 19145 19114 19074 19142 19093 19090 19095 19065 19065 19103 19088 19079 18983 18940 18927 18894 18965 18961 18931 18926 19013
19068 19088 19190 19209 19232 19238 19213 19186 19119 19135 19186 19171 19074 18949 18938 18945 18990 19014 18978 19026 19087 19193 19228 19239 19391 19538 19578 19634 19647 19785 19702 19622 19467 19396 19303 19138 19163 19133 19085 19038 19118 19220 19329 19331 19413 19431 19414 19396 19389 19364 19351 19417 19429 19453 19482 19540 19475 19530 19504 19576
19528 19539 19562 19548 19569 19581 19693 19664 19682 19619 19612 19649 19642 19689 19638 19610 19609 19582 19562 19599 19579 19497 19562 19497 19507 19531 19464 19441 19446 19381 19335 19300 19396 19387 19441 19509 19569 19518 19426 19445 19210 19135 19029 18914 18841 18805 18833 18889 18934 19066 19212 19384 19392 19401 19347 19259 19288 19359 19395 19412
19511 19546 19569 19561 19537 19601 19628 19702 19748 19726 19733 19754 19743 19792 19829 19801 19834 19875 19867 19828 19860 19875 19845 19876 19874 19891 19926 20004 19996 19936 19951 19964 20000 20000 20072 20031 20011 20027 19937 19965 19963 19930 20014 20053 20036 19899 19844 19870 19912 19917 19857 19933 19872 19857 19788 19801 19803 19807 19831 19798
19728 19875 20115 20281 20255 20306 20312 20294 20139 19973 19920 19854 19696 19696 19709 19749 19648 19614 19558 19496 19484 19484 19525 19518 19492 19453 19518 19534 19588 19591 19672 19621 19595 19645 19710 19727 19713 19778 19821 19838 19856 19925 19901 19957 19869 19859 19875 19929 19951 19889 19895 19950 19985 20052 20076 20086 20069 20108 20123 20163
20174 20174 20145 20200 20199 20130 20066 20094 20111 20127 20063 20046 20085 20064 20063 20028 20024 20035 19962 19854 19719 19604 19581 19582 19536 19538 19576 19676 19744 19857 19964 20071 20052 20119 20011 20043 20040 20082 20024 20000 19947 19941 19931 19911 19813 19943 19990 19908 19810 19802 19766 19847 19846 19874 19910 19939 19930 20034 19949 19905
19880 19933 19865 19846 19731 19677 19735 19808 19773 19809 19843 19825 19785 19789 19789 19782 19681 19678 19668 19652 19618 19587 19484 19523 19516 19529 19594 19609 19526 19572 19545 19533 19518 19542 19439 19389 19332 19368 19421 19454 19580 19580 19570 19558 19492 19444 19451 19455 19579 19670 19661 19693 19742 19760 19769 19890 19903 19872 19896 19912
19929 19913 19893 19835 19832 19842 19807 19807 19982 20066 20209 20353 20438 20508 20488 20450 20370 20256 20092 19949 19990 19955 19965 19938 20003 20036 20046 20065 19967 19940 19999 20014 20042 19994 19962 19945 19935 19929 19896 19816 19866 19975 20009 20046 19984 19989 20091 20085 20013 20061 20127 20184 20127 20166 20169 20173 20175 20201 20271 20255
20217 20237 20271 20256 20326 20299 20167 20156 20189 20145 20108 20096 20093 20041 20035 20028 19946 19927 19976 19975 20012 19964 19965 19930 19990 20009 20016 19966 19891 19838 19784 19680 19562 19430 19361 19298 19292 19345 19398 19564 19713 19818 20003 19970 19988 20015 20006 20006 20083 20075 19960 20003 19913 19916 19951 19908 19935 19916 19917 19952
19923 19994 19908 19899 19927 20038 20002 19943 19973 19999 20029 20046 19980 19884 19961 19975 19937 19911 19922 19956 19975 19963 19989 20030 20028 20107 20115 20094 20038 20042 20074 20161 20175 20208 20210 20244 20234 20208 20231 20178 20241 20305 20344 20355 20320 20296 20237 20277 20376 20390 20417 20346 20336 20365 20346 20341 20289 20231 20196 20201
20277 20275 20275 20208 20200 20164 20086 20052 20038 20057 19973 20074 19996 20017 19981 19985 19953 20010 19979 20001 19920 19957 19987 20011 20070 20153 20257 20442 20605 20637 20606 20479 20360 20395 20271 20111 19918 19953 19960 19867 19815 19720 19695 19576 19582 19596 19597 19589 19562 19518 19502 19489 19523 19486 19483 19527 19475 19449 19449 19507
19571 19609 19600 19661 19780 19828 19694 19559 19418 19436 19420 19456 19424 19429 19501 19704 19877 20043 20057 20064 20049 20008 20036 19955 19975 19880 19829 19929 20103 19992 20015 20045 20109 20170 20152 20142 20058 20103 20158 20251 20336 20386 20322 20293 20279 20305 20241 20160 20136 20103 20087 20149 20201 20212 20120 20080 20040 20035 20013 20039
20085 20126 20083 20168 20290 20314 20353 20392 20352 20324 20375 20377 20333 20363 20324 20253 20249 20179 20167 20164 20198 20187 20137 20133 20070 20053 20024 19992 19987 19948 19966 19925 19897 19869 19902 19900 19925 19889 19919 19939 19962 19940 20005 20019 20104 20063 20074 20128 20199 20230 20192 20279 20268 20207 20176 20272 20307 20266 20252 20155
20202 20271 20302 20435 20366 20350 20348 20337 20285 20330 20403 20416 20418 20405 20357 20278 20245 20349 20341 20393 20487 20557 20478 20469 20496 20517 20561 20575 20578 20597 20591 20618 20555 20541 20705 20778 20935 21010 21012 21041 21106 21143 21034 20862 20631 20494 20426 20495 20567 20487 20462 20509 20539 20445 20418 20455 20517 20500 20491 20560
20565 20581 20596 20631 20662 20571 20520 20491 20422 20417 20383 20459 20455 20423 20500 20361 20208 20051 19939 19934 19911 19840 19876 20023 20187 20371 20475 20492 20555 20472 20397 20407 20362 20389 20348 20266 20236 20148 20172 20154 20180 20154 20098 20087 20035 20081 20175 20205 20193 20237 20267 20303 20294 20269 20291 20182 20199 20160 20175 20103
20190 20147 20119 20197 20201 20351 20393 20388 20377 20354 20363 20435 20478 20463 20381 20320 20385 20358 20363 20328 20327 20369 20414 20415 20478 20494 20549 20583 20634 20681 20659 20659 20632 20537 20496 20513 20482 20463 20384 20469 20480 20415 20459 20410 20388 20443 20456 20508 20541 20502 20402 20364 20389 20319 20334 20288 20378 20394 20438 20483
20527 20520 20406 20454 20556 20580 20550 20473 20466 20478 20491 20594 20666 20634 20633 20578 20585 20587 20543 20621 20595 20567 20679 20687 20629 20654 20670 20682 20637 20694 20705 20770 20783 20790 20815 20819 20792 20796 20826 20787 20785 20737 20825 20910 20961 21062 21206 21439 21559 21629 21611 21573 21560 21546 21497 21413 21369 21394 21407 21397
21412 21393 21403 21350 21347 21321 21420 21428 21419 21454 21459 21469 21518 21475 21596 21523 21464 21498 21626 21714 21726 21685 21697 21724 21608 21610 21592 21529 21589 21573 21570 21626 21553 21398 21364 21280 21296 21249 21349 21405 21547 21668 21725 21842 21863 21849 21875 21880 21902 21945 22008 22040 22097 22018 22003 22020 22028 22049 22006 21901
21874 21900 21924 21876 21824 21855 21894 21897 21883 21917 21902 21902 21871 21849 21864 21872 21947 21968 21912 21921 21978 22012 22054 22086 22092 22145 22172 22173 22136 22032 21957 21957 21913 21967 21997 22046 22077 22038 22111 22191 22246 22227 22243 22243 22337 22347 22401 22368 22399 22418 22454 22379 22429 22476 22443 22500 22558 22651 22592 22558
22645 22673 22722 22692 22694 22639 22639 22639 22584 22546 22493 22532 22501 22480 22441 22471 22454 22514 22454 22430 22433 22458 22429 22517 22481 22637 22739 22876 22984 23090 23152 23218 23198 23054 22976 22879 22741 22734 22792 22866 22873 22839 22901 22879 22917 22970 23009 23078 23159 23188 23151 23129 23135 23113 23147 23127 23199 23167 23155 23228
23230 23289 23339 23291 23356 23491 23550 23574 23590 23601 23514 23605 23588 23588 23597 23690 23662 23700 23721 23810 23782 23756 23739 23734 23733 23798 23800 23743 23698 23843 23834 23856 23792 23729 23787 23713 23682 23668 23526 23424 23401 23373 23317 23261 23345 23427 23474 23594 23703 23770 23805 23813 23806 23800 23804 23794 23704 23655 23661 23640
23659 23686 23722 23667 23589 23556 23511 23572 23650 23727 23832 23883 23814 23786 23754 23770 23807 23715 23665 23633 23681 23671 23670 23705 23708 23676 23734 23713 23793 23827 23753 23704 23729 23724 23738 23718 23680 23641 23662 23586 23505 23509 23513 23545 23557 23548 23590 23554 23454 23431 23481 23460 23440 23597 23528 23442 23410 23369 23353 23356
23409 23511 23435 23413 23406 23406 23418 23497 23542 23517 23547 23497 23486 23545 23625 23734 23906 24075 24261 24306 24280 24306 24226 24167 24070 23953 23810 23808 23871 23911 23915 23929 23966 23961 24121 24187 24182 24206 24264 24256 24266 24324 24277 24290 24317 24322 24287 24264 24333 24356 24320 24327 24238 24244 24252 24257 24221 24197 24162 24164
24175 24208 24230 24230 24286 24325 24311 24221 24169 24109 23981 23954 23941 23992 24019 24087 24167 24181 24159 24151 24210 24219 24230 24223 24166 24159 24114 24077 24173 24225 24241 24299 24315 24256 24296 24270 24226 24198 24222 24184 24176 24191 24199 24214 24214 24172 24205 24226 24234 24141 24212 24239 24203 24201 24162 24243 24247 24278 24281 24342
24422 24409 24345 24332 24378 24426 24302 24299 24268 24312 24339 24354 24350 24329 24422 24497 24510 24477 24518 24541 24626 24574 24600 24549 24624 24583 24595 24599 24608 24590 24631 24676 24684 24628 24538 24594 24509 24510 24586 24597 24648 24595 24595 24546 24464 24459 24416 24436 24381 24393 24362 24381 24386 24386 24411 24403 24362 24332 24241 24201
24144 24150 24133 24140 24118 24126 24164 24188 24189 24214 24150 24161 24086 24064 24008 24029 24040 24042 24051 24071 24181 24328 24450 24571 24687 24707 24673 24727 24709 24665 24493 24407 24451 24457 24425 24421 24433 24487 24463 24369 24396 24401 24361 24410 24390 24399 24462 24460 24460 24399 24500 24518 24444 24436 24447 24332 24379 24336 24345 24307
24330 24196 24119 24096 24111 24084 24072 24115 24156 24238 24316 24204 24187 24151 24185 24169 24216 24166 24251 24326 24287 24351 24372 24385 24385 24344 24267 24242 24220 24151 24103 24070 24001 24038 24050 23960 23966 23923 23980 24004 24038 24121 24122 24096 23952 23856 23799 23807 23701 23684 23685 23739 23731 23947 24034 24163 24148 24109 24154 24152
24122 24076 24032 24032 23958 23936 23887 23888 23861 23844 23867 23820 23904 23857 23839 23951 23989 23913 23917 24007 24024 24101 24084 24077 24078 24057 24108 24033 23992 24075 24089 24095 24122 24159 24287 24222 24163 24234 24232 24232 24296 24318 24317 24327 24268 24253 24186 24181 24124 24233 24214 24246 24280 24310 24303 24381 24377 24400 24483 24517
24474 24437 24464 24466 24451 24487 24577 24536 24590 24614 24621 24692 24736 24689 24646 24742 24770 24722 24626 24564 24622 24643 24712 24728 24824 24943 25064 25200 25235 25254 25182 25261 25173 24977 24751 24564 24573 24678 24804 24834 24761 24803 24730 24755 24822 24853 24883 24834 24808 24836 24831 24857 24936 24924 24974 24956 24952 24981 25025 25121
25088 25090 25059 25096 24997 24851 24624 24519 24521 24539 24528 24582 24553 24709 24772 24875 24972 25106 25085 25017 25008 24957 24982 25073 25057 24995 25049 25096 25142 25186 25168 25210 25188 25157 25172 25120 25113 25079 25081 25071 25117 25159 25202 25216 25210 25163 25111 25054 25162 25173 25127 25164 25157 25206 25280 25405 25399 25360 25356 25451
25473 25470 25470 25514 25534 25556 25577 25621 25701 25826 25746 25693 25655 25624 25649 25636 25732 25810 25802 25733 25711 25770 25775 25740 25730 25690 25651 25705 25697 25674 25705 25739 25765 25699 25629 25719 25700 25732 25756 25864 25887 25930 25959 25971 25949 25911 25940 25922 25923 25910 25921 25989 26037 26015 25987 25970 25961 25899 25854 25905
25979 26078 26009 26010 26007 26044 26086 26085 26000 26096 26048 26018 26022 26079 26098 26099 26008 25940 26009 26036 26044 26002 26061 26045 26022 26002 26078 26157 26182 26179 26175 26186 26094 26079 26093 26061 26046 26061 26015 25972 26112 26255 26373 26519 26486 26527 26464 26407 26397 26234 26176 26042 26101 26086 26102 26094 26097 26097 26154 26162
26219 26182 26283 26260 26231 26264 26222 26292 26325 26334 26459 26426 26425 26353 26277 26270 26370 26358 26340 26343 26213 26242 26302 26275 26269 26185 26165 26211 26231 26284 26215 26204 26145 26138 26061 26062 26052 26110 26046 25922 25850 25738 25665 25605 25665 25758 25764 25843 26032 26115 26184 26231 26218 26159 26037 26050 26084 26055 26130 26192
26202 26179 26204 26252 26358 26326 26371 26346 26412 26485 26654 26627 26642 26677 26652 26620 26616 26620 26679 26732 26680 26678 26549 26464 26424 26443 26445 26462 26523 26529 26591 26613 26613 26604 26646 26687 26726 26765 26875 26956 26937 26982 27032 26994 27029 27103 27172 27145 27029 27004 27039 27061 27047 27067 27059 27098 27137 27137 27171 27165
27106 27092 27098 27078 27004 27015 27046 27100 27122 27131 27227 27393 27504 27562 27640 27606 27622 27631 27586 27507 27450 27351 27463 27460 27495 27514 27540 27548 27508 27490 27513 27616 27659 27708 27715 27681 27675 27620 27618 27647 27706 27669 27716 27711 27755 27766 27773 27784 27787 27764 27745 27781 27815 27838 27778 27683 27727 27787 27763 27764
27760 27866 27815 27813 27838 27806 27873 27818 27904 27857 27887 27855 27823 27893 27853 27906 27947 27883 27887 27911 27941 27869 27848 27816 27837 27802 27825 27763 27776 27749 27806 27826 27877 27925 27997 27907 27953 27977 27883 27926 27963 27945 27984 27981 27904 27812 27791 27692 27662 27733 27750 27759 27898 28005 28204 28378 28410 28385 28372 28313
28411 28431 28520 28497 28523 28513 28520 28527 28587 28645 28663 28614 28598 28693 28636 28628 28635 28625 28598 28656 28682 28647 28665 28727 28813 28873 28827 28889 28928 28882 28911 28871 28845 28870 28843 28745 28797 28860 28840 28963 28925 29003 29008 28992 29034 28979 28982 28983 29062 29032 29016 29068 28995 29059 29057 29071 29078 29015 28985 28913
28870 28992 29009 28962 28978 28954 28927 28970 28946 28973 29119 29292 29279 29336 29324 29370 29322 29338 29347 29318 29213 29025 29032 29037 28965 28950 28942 28963 29038 29074 29147 29198 29235 29242 29251 29217 29250 29215 29152 29261 29211 29098 29149 29084 29089 29175 29302 29423 29434 29437 29441 29508 29500 29422 29500 29548 29552 29493 29506 29566
29642 29654 29682 29649 29659 29736 29744 29786 29803 29855 29858 29921 29906 29906 29956 30031 30022 29887 29767 29704 29704 29679 29743 29746 29798 29873 29896 29938 29921 29869 29890 29932 29914 29991 29874 29721 29589 29467 29511 29511 29557 29532 29603 29805 29891 30025 29977 29936 29927 29962 30121 30106 30171 30221 30243 30216 30220 30278 30139 30143
30119 30214 30244 30208 30154 30146 30164 30220 30258 30249 30253 30226 30349 30387 30396 30436 30508 30521 30530 30585 30573 30547 30558 30647 30730 30615 30666 30633 30656 30661 30811 30834 30910 30847 30823 30765 30732 30699 30712 30777 30791 30804 30831 30928 30898 30949 30993 31074 31072 31123 31079 31170 31129 31168 31184 31170 31130 31184 31310 31278
31266 31238 31185 31217 31171 31153 31129 31151 31130 31154 31242 31196 31239 31138 31226 31281 31207 31228 31238 31369 31277 31230 31237 31267 31309 31256 31235 31292 31282 31232 31299 31249 31193 31182 31234 31189 31149 31170 31203 31144 31058 31012 31010 30991 30995 31039 31286 31377 31494 31559 31597 31603 31553 31475 31319 31178 31074 30879 30860 30853
30854 30799 30681 30560 30463 30387 30308 30258 30280 30375 30501 30611 30723 30830 30809 30749 30760 30828 30852 30849 30915 30969 30922 30875 30948 30963 31006 30965 31013 31101 31123 31157 31260 31226 31207 31162 31125 31142 31162 31141 31074 31133 31174 31184 31179 31207 31282 31299 31341 31352 31324 31384 31372 31399 31352 31381 31435 31465 31399 31322
31414 31408 31425 31367 31351 31347 31353 31391 31389 31513 31573 31577 31624 31504 31509 31400 31435 31446 31415 31317 31361 31363 31403 31388 31389 31423 31399 31453 31413 31502 31542 31487 31480 31560 31535 31656 31599 31634 31680 31672 31714 31709 31678 31714 31661 31659 31643 31574 31565 31596 31596 31622 31564 31505 31483 31487 31496 31405 31419 31380
31361 31380 31413 31336 31394 31513 31497 31497 31532 31545 31552 31689 31812 31987 32143 32203 32276 32312 32211 32134 32007 31882 31753 31827 31864 31842 31871 31931 31867 31890 31883 31903 31836 31794 31840 31764 31792 31786 31828 31859 31848 31844 31836 31817 31835 31808 31779 31772 31731 31807 31779 31760 31724 31694 31634 31598 31611 31618 31712 31696
31748 31733 31696 31754 31785 31701 31823 31872 31916 31996 31929 32003 32019 31937 31877 31850 31850 31871 31871 31910 31866 31854 31855 31730 31573 31484 31329 31280 31229 31167 31255 31423 31519 31621 31763 31734 31757 31695 31662 31553 31488 31417 31421 31364 31344 31358 31358 31430 31417 31350 31385 31334 31377 31291 31345 31380 31380 31296 31358 31438
31507 31547 31588 31591 31673 31690 31653 31636 31648 31671 31646 31733 31694 31684 31606 31607 31614 31642 31611 31580 31555 31454 31499 31463 31515 31520 31419 31400 31339 31328 31326 31392 31364 31260 31250 31225 31240 31271 31177 31277 31276 31356 31442 31552 31614 31686 31618 31693 31733 31778 31830 31857 31840 31895 31943 31943 31951 32023 32058 32086
32087 32181 32098 32060 32049 32127 32040 32046 32048 32016 31968 31929 31921 31944 31948 31956 31968 31989 31959 32001 31995 31951 31984 32010 31977 32026 32070 32032 32021 31978 31939 31903 31908 31989 32042 32116 32100 32167 32113 32164 32084 32138 32123 32168 32098 32102 32115 32198 32318 32427 32526 32598 32635 32615 32564 32536 32487 32338 32235 32249
32299 32423 32445 32516 32553 32564 32476 32430 32428 32347 32329 32325 32266 32283 32342 32355 32390 32337 32420 32409 32416 32397 32424 32466 32471 32498 32453 32282 32225 32149 32101 32076 32095 32216 32344 32474 32592 32730 32778 32769 32820 32967 32911 32847 32853 32811 32824 32833 32796 32808 32773 32839 32791 32752 32868 32924 32912 32887 32842 32907
32884 32820 32824 32816 32789 32808 32787 32792 32727 32786 32779 32775 32709 32739 32799 32817 32919 32896 32914 32935 32925 32972 33027 32964 33013 32936 32839 32924 32880 32942 32882 32796 32812 32849 32833 32886 32977 32953 32930 32915 32978 32952 32921 33024 32931 33034 32992 32995 33009 32996 33057 33074 32985 33021 32944 32924 32962 32978 32965 32931
32856 32917 32922 33027 32975 33017 32988 32960 32992 33027 33006 32998 33207 33249 33303 33493 33549 33509 33445 33478 33323 33154 33076 32923 32959 32958 32922 32883 32905 32908 32943 32941 32899 33027 33037 33051 33048 33096 33160 33113 33118 33100 33186 33230 33184 33202 33253 33268 33240 33279 33233 33264 33213 33320 33413 33348 33432 33433 33340 33362
33394 33360 33372 33371 33352 33344 33386 33314 33319 33405 33472 33434 33466 33587 33665 33630 33658 33535 33388 33257 33068 33066 33038 33092 33171 33270 33348 33531 33587 33556 33564 33508 33568 33566 33587 33681 33711 33699 33760 33813 33937 33838 33867 33887 33829 33820 33813 33837 33823 33879 33882 33905 33865 33963 33954 33933 33899 33870 33849 33889
33907 33897 33918 33882 33842 33860 33841 33759 33716 33796 33827 33841 33822 33841 33779 33812 33826 33873 33906 33921 33953 33916 34017 33979 34099 34138 34199 34280 34190 34269 34255 34174 34149 34125 34182 34191 34119 34158 34163 34166 34157 34141 34168 34161 34232 34263 34241 34234 34277 34432 34408 34406 34432 34399 34406 34374 34341 34418 34372 34357
34346 34313 34321 34352 34266 34236 34281 34290 34333 34333 34274 34318 34377 34397 34471 34443 34511 34552 34606 34617 34607 34553 34565 34589 34647 34606 34573 34495 34482 34480 34511 34433 34487 34564 34564 34560 34475 34481 34610 34738 34815 34918 35031 35054 35095 35058 35012 34934 34853 34701 34739 34817 34818 34776 34698 34766 34829 34808 34887 34895
34858 34885 34814 34876 34814 34731 34650 34699 34695 34679 34672 34636 34524 34365 34338 34282 34201 34160 34140 34262 34403 34557 34640 34767 34762 34734 34811 34854 34783 34874 34950 34955 34911 35014 35059 35048 34989 34954 34995 35077 35014 35015 35041 35006 34977 35011 35014 34999 35096 35103 35086 35072 35051 35016 35015 35008 35069 35036 35085 35152
35166 35125 35091 35026 35008 34952 34964 34941 34993 34976 34932 35046 35037 35051 35085 35051 35052 35077 35043 34957 35015 34998 35037 35080 35133 35179 35231 35266 35266 35247 35258 35282 35252 35239 35192 35152 35159 35103 35070 35055 35099 35207 35208 35125 35127 35151 35134 35210 35203 35275 35385 35350 35307 35374 35427 35394 35368 35362 35405 35464
35450 35475 35484 35498 35460 35459 35358 35371 35398 35467 35506 35546 35606 35564 35472 35582 35543 35552 35512 35472 35548 35616 35620 35640 35590 35673 35784 35878 35950 35991 36027 35977 35858 35765 35663 35601 35546 35579 35542 35542 35486 35502 35375 35445 35417 35397 35351 35363 35369 35414 35413 35519 35439 35550 35659 35698 35652 35676 35658 35685
35711 35765 35742 35717 35658 35657 35659 35651 35586 35535 35563 35582 35557 35582 35626 35545 35583 35618 35652 35647 35627 35637 35620 35567 35623 35706 35715 35709 35677 35617 35521 35363 35240 35227 35196 35268 35337 35444 35522 35699 35747 35732 35723 35650 35742 35712 35740 35703 35696 35682 35701 35680 35715 35765 35777 35779 35748 35644 35680 35652
35715 35662 35634 35529 35562 35587 35555 35504 35504 35580 35607 35599 35629 35584 35633 35709 35659 35659 35598 35726 35741 35754 35765 35799 35767 35728 35755 35737 35666 35671 35652 35671 35596 35597 35573 35598 35624 35566 35562 35595 35673 35661 35662 35700 35751 35786 35762 35751 35806 35739 35786 35720 35730 35682 35701 35656 35665 35610 35568 35576
35606 35723 35670 35737 35725 35605 35683 35693 35636 35577 35523 35489 35442 35474 35390 35337 35254 35253 35268 35291 35246 35299 35356 35357 35304 35319 35413 35579 35708 35815 35895 35832 35826 35888 35750 35720 35539 35349 35383 35338 35317 35270 35280 35295 35404 35336 35371 35335 35321 35391 35400 35468 35470 35445 35564 35636 35646 35656 35651 35695
35663 35663 35633 35707 35743 35521 35327 35225 35210 35091 35070 35057 35105 35186 35296 35470 35687 35688 35660 35649 35553 35624 35679 35699 35699 35744 35767 35798 35782 35812 35823 35886 35822 36012 36056 36173 36138 36106 36058 36065 36088 36168 36149 36166 36130 36179 36236 36228 36306 36234 36193 36156 36150 36137 36137 36131 36138 36111 36100 36087
36095 36070 36155 36164 36149 36173 36193 36178 36202 36247 36193 36158 36208 36261 36253 36229 36273 36292 36246 36321 36249 36170 36292 36303 36264 36390 36417 36337 36444 36406 36376 36307 36214 36275 36356 36288 36271 36235 36179 36248 36312 36297 36264 36244 36227 36146 36142 36181 36223 36239 36204 36156 36100 36048 36110 36138 36158 36264 36299 36350
36372 36363 36288 36270 36253 36210 36250 36280 36277 36268 36267 36320 36303 36227 36272 36298 36351 36480 36518 36597 36577 36687 36701 36637 36571 36458 36330 36200 36279 36322 36384 36314 36305 36314 36438 36410 36433 36357 36358 36354 36430 36440 36440 36444 36465 36445 36404 36471 36395 36377 36393 36361 36373 36257 36257 36431 36456 36470 36455 36450
36398 36373 36329 36346 36271 36306 36330 36316 36350 36392 36424 36453 36525 36433 36405 36473 36456 36501 36536 36546 36630 36622 36421 36281 36175 36037 35974 35980 36044 36112 36139 36301 36467 36640 36597 36646 36642 36666 36673 36646 36677 36622 36624 36660 36619 36581 36501 36529 36540 36604 36592 36645 36638 36591 36535 36599 36610 36592 36615 36610
36642 36601 36541 36556 36468 36491 36516 36499 36535 36507 36549 36606 36646 36702 36709 36684 36664 36694 36677 36697 36700 36728 36769 36853 36838 36877 36897 36854 36923 37035 37050 37031 37044 37044 37153 37183 37166 37167 37204 37189 37180 37162 37181 37155 37130 37101 37116 37171 37186 37147 37196 37132 37133 37176 37261 37291 37359 37316 37277 37327
37444 37422 37368 37396 37358 37372 37388 37388 37413 37371 37461 37516 37630 37625 37574 37610 37553 37560 37562 37604 37626 37582 37535 37516 37448 37380 37336 37392 37324 37238 37246 37304 37377 37384 37402 37376 37364 37375 37365 37374 37351 37343 37351 37319 37286 37401 37599 37705 37845 37936 37918 37895 37813 37777 37687 37479 37303 37290 37221 37269
37288 37263 37238 37238 37243 37163 37073 37027 37010 37064 37051 37114 37110 37000 37058 37074 37041 37007 37035 37137 37206 37224 37239 37214 37187 37212 37154 37172 37147 37142 37017 36836 36792 36697 36629 36618 36665 36700 36763 36880 37011 37102 37172 37115 37221 37299 37306 37260 37326 37354 37436 37370 37408 37404 37372 37474 37427 37458 37440 37465
37402 37331 37393 37442 37445 37450 37394 37425 37420 37423 37386 37330 37388 37407 37422 37406 37354 37324 37240 37274 37237 37263 37276 37262 37313 37221 37291 37247 37278 37285 37268 37225 37307 37269 37224 37201 37162 37120 37142 37100 37114 37132 37166 37155 37123 37117 37162 37116 36983 36941 36877 36796 36874 36874 36855 36855 36755 36746 36715 36769
36754 36800 36726 36672 36675 36682 36782 36753 36816 36786 36732 36708 36733 36709 36702 36698 36659 36510 36559 36523 36494 36502 36561 36567 36496 36481 36470 36448 36445 36431 36500 36557 36590 36621 36673 36581 36549 36651 36621 36670 36673 36756 36777 36815 36879 37062 37164 37241 37265 37261 37272 37110 36951 36904 36822 36686 36721 36718 36660 36621
36693 36697 36479 36261 36203 36071 36028 36035 36051 36068 36065 36268 36373 36497 36482 36467 36476 36501 36563 36561 36555 36588 36638 36606 36569 36604 36616 36658 36646 36600 36625 36636 36679 36583 36574 36583 36624 36669 36780 36756 36738 36764 36824 36844 36844 36721 36731 36842 36798 36871 36958 37002 37029 37047 37053 37052 37048 37029 37087 37049
37024 37027 36953 36909 36909 36923 36867 36784 36779 36810 36815 36830 36855 36820 36820 36824 36874 36872 36833 36737 36701 36777 36781 36752 36690 36704 36586 36599 36617 36633 36709 36664 36724 36668 36670 36629 36563 36549 36585 36613 36699 36747 36678 36825 36941 36923 36957 36917 36980 36982 36941 36949 36995 37006 36934 36943 36984 36863 36875 36876
36834 36871 36898 36881 36867 36875 36927 36919 36889 36908 36975 36978 36976 37036 37069 37084 37089 37151 37158 37167 37296 37423 37516 37605 37652 37700 37730 37724 37691 37566 37518 37378 37350 37269 37253 37364 37344 37365 37271 37345 37289 37308 37279 37254 37250 37317 37304 37400 37362 37303 37405 37432 37400 37439 37447 37456 37400 37452 37490 37473
37313 37255 37188 37084 36940 36798 36779 36851 36854 36906 36974 37062 37193 37188 37242 37339 37341 37302 37349 37406 37488 37503 37552 37512 37500 37472 37499 37474 37464 37467 37462 37422 37379 37376 37428 37437 37487 37553 37608 37580 37583 37545 37551 37615 37629 37629 37533 37532 37631 37603 37546 37649 37653 37723 37808 37896 37888 37817 37817 37821
37810 37846 37895 37911 37863 37894 37839 37882 37885 37975 37948 37988 37967 37964 38005 38005 37949 37913 37997 37951 37911 37855 37794 37698 37752 37785 37844 37901 37939 38001 38038 38079 38065 37934 38053 38070 38121 38095 38083 38041 38116 38074 38034 38076 38131 38061 38060 38107 38082 38126 38179 38205 38199 38191 38051 38122 38217 38153 38105 38034
38129 38094 38138 38142 38118 38070 38107 38161 38269 38250 38286 38215 38217 38237 38238 38266 38331 38309 38304 38347 38337 38371 38448 38497 38484 38449 38468 38491 38399 38334 38364 38375 38353 38314 38352 38327 38333 38344 38364 38560 38622 38683 38752 38820 38814 38777 38788 38764 38658 38440 38354 38421 38407 38407 38346 38420 38536 38587 38641 38588
38511 38397 38516 38516 38614 38619 38684 38648 38720 38751 38784 38812 38839 38919 38983 38862 38840 38939 38944 38910 38859 38861 38938 38968 38910 38812 38800 38624 38595 38545 38637 38655 38718 38830 38905 39038 39170 39149 39232 39232 39247 39284 39372 39348 39341 39263 39324 39384 39402 39478 39521 39572 39607 39630 39756 39742 39775 39680 39646 39705
39761 39753 39723 39758 39842 39852 39869 39844 39842 39892 39943 39943 39980 39953 39973 40003 40033 40022 40001 40026 40024 39999 39952 39928 39825 39852 39833 39740 39775 39759 39813 39859 39920 39870 39824 39785 39800 39777 39733 39722 39745 39741 39769 39716 39712 39705 39673 39629 39645 39668 39611 39541 39501 39564 39556 39571 39601 39535 39557 39524
39583 39623 39598 39637 39762 39733 39745 39666 39715 39671 39652 39645 39559 39605 39672 39661 39636 39712 39759 39754 39777 39931 40034 40197 40284 40437 40470 40475 40433 40363 40282 40212 40130 40158 40215 40316 40318 40337 40432 40517 40503 40526 40542 40668 40608 40626 40685 40654 40739 40757 40731 40734 40749 40778 40846 40833 40791 40843 40898 40953
41090 41069 41108 41161 41146 41136 41136 41106 41237 41263 41304 41357 41441 41481 41447 41473 41548 41532 41480 41531 41394 41275 41150 41098 40933 40955 40922 40977 41088 41178 41377 41508 41592 41574 41588 41561 41527 41513 41503 41483 41498 41467 41516 41442 41454 41452 41467 41440 41430 41448 41399 41388 41399 41369 41413 41401 41456 41476 41501 41569
41594 41502 41506 41461 41453 41511 41505 41500 41574 41597 41492 41548 41585 41597 41659 41575 41592 41591 41635 41581 41634 41666 41596 41622 41591 41689 41737 41738 41732 41704 41689 41711 41771 41913 41910 42043 42084 42117 42033 42020 42026 42077 42144 42195 42160 42197 42251 42285 42168 42205 42153 42085 42047 42073 42041 42074 42100 42113 42053 41970
42050 42054 42109 42099 42043 42025 42048 42184 42289 42393 42496 42498 42436 42484 42412 42468 42373 42217 42066 42098 42147 42112 42205 42097 42174 42163 42168 42164 42172 42134 42165 42168 42215 42214 42207 42222 42245 42309 42267 42253 42231 42307 42288 42269 42255 42291 42241 42267 42308 42292 42306 42279 42263 42323 42332 42411 42461 42459 42444 42451
42471 42502 42412 42435 42427 42382 42328 42343 42341 42376 42347 42213 42221 42238 42185 42118 42113 42163 42220 42098 42038 42053 42064 42059 42064 42079 42064 42104 42183 42163 42213 42195 42182 42208 42162 42282 42367 42470 42344 42304 42314 42152 41993 41903 41797 41661 41613 41596 41624 41776 41955 42107 42389 42379 42461 42410 42387 42387 42370 42352
42251 42289 42245 42346 42303 42346 42363 42419 42371 42368 42299 42358 42334 42290 42356 42300 42275 42267 42307 42417 42310 42315 42300 42412 42476 42487 42524 42500 42436 42587 42614 42575 42662 42598 42564 42690 42639 42652 42691 42713 42684 42609 42628 42698 42707 42792 42733 42729 42741 42731 42737 42760 42769 42829 42758 42754 42756 42755 42720 42743
42740 42639 42794 42891 43066 43172 43259 43263 43291 43117 42969 42873 42810 42630 42669 42743 42782 42707 42711 42712 42771 42695 42689 42704 42590 42535 42586 42527 42516 42537 42606 42579 42621 42574 42626 42687 42837 42900 42848 42885 42897 42836 42853 42793 42728 42819 42851 42903 42882 42873 42934 42989 43039 42949 42978 42978 43034 43091 43045 43110
42995 43023 43045 43084 43067 43066 43046 42995 42926 42870 42783 42808 42854 42847 42938 42947 42860 42802 42823 42829 42826 42952 42966 42976 43003 43045 43061 43066 43059 43033 43043 43078 43071 43053 43045 43108 43057 43042 43089 43135 43206 43214 43209 43174 43065 43006 42890 42868 42860 42842 42886 42891 42948 43065 43170 43346 43428 43429 43391 43399
43359 43393 43347 43341 43378 43450 43493 43559 43611 43638 43567 43544 43592 43630 43670 43698 43717 43707 43638 43605 43680 43795 43787 43823 43928 43970 43988 44021 43999 43938 43953 44055 44046 44006 44103 44137 44127 44083 44085 44122 44078 44060 44116 44041 43950 43867 43883 43817 43790 43784 43811 43799 43808 43826 43816 43831 43836 43735 43744 43738
43686 43707 43716 43694 43719 43673 43716 43755 43845 43836 43791 43744 43713 43680 43629 43636 43535 43505 43552 43574 43605 43572 43666 43627 43613 43582 43574 43666 43654 43680 43695 43652 43655 43723 43752 43727 43761 43787 43848 43873 43912 43972 44028 43947 43953 43927 44034 44139 44250 44363 44540 44570 44501 44389 44237 44090 43933 43806 43829 43891
43923 43918 43979 44054 43970 43946 43874 43712 43604 43396 43349 43283 43257 43269 43337 43538 43668 43730 43693 43692 43653 43672 43727 43831 43782 43830 43818 43798 43789 43782 43854 43861 43832 43845 43827 43781 43723 43784 43752 43833 43871 43916 43897 44019 44145 44167 44167 44159 44192 44199 44141 44065 44045 44047 43976 43880 43894 43939 44033 44056
44056 44116 44168 44137 44162 44114 44148 44094 44068 43972 44018 43946 43881 43885 43865 43798 43814 43811 43877 43903 43888 43872 43938 43975 44018 44108 44094 44136 44157 44140 44154 44119 44080 44169 44177 44153 44191 44194 44274 44282 44370 44483 44469 44526 44544 44697 44647 44702 44706 44806 44774 44771 44747 44729 44732 44766 44750 44707 44748 44689
44658 44703 44617 44694 44761 44731 44698 44660 44651 44697 44698 44885 44995 45099 45170 45262 45451 45460 45452 45430 45374 45295 45129 45087 45055 45001 44996 45037 45054 45149 45140 45088 45146 45158 45207 45132 45073 45098 45117 45126 45123 45221 45205 45186 45208 45234 45101 45057 45068 45119 45117 45086 45117 45124 45201 45173 45176 45167 45197 45202
45139 45100 45047 45067 44955 44864 44815 44846 44896 44977 44993 44904 44758 44642 44591 44599 44619 44721 44815 44887 44966 45104 45221 45185 45250 45184 45304 45370 45483 45479 45458 45580 45572 45627 45618 45567 45521 45540 45558 45673 45707 45751 45759 45714 45669 45684 45686 45714 45705 45676 45776 45724 45711 45790 45710 45688 45704 45706 45671 45662
45599 45699 45782 45798 45875 45881 45889 45856 45840 45885 45833 45907 45810 45782 45813 45781 45858 45821 45831 45897 45938 45904 45841 45880 45826 45836 45794 45780 45706 45736 45661 45590 45664 45689 45723 45714 45705 45669 45691 45669 45695 45671 45682 45682 45679 45666 45666 45685 45660 45625 45615 45658 45737 45784 45759 45749 45689 45640 45626 45739
45808 45766 45700 45646 45666 45617 45565 45496 45496 45491 45489 45541 45657 45683 45649 45662 45665 45651 45719 45890 45962 46144 46208 46127 46141 46100 45958 45947 45898 45748 45664 45703 45651 45635 45565 45512 45521 45596 45603 45622 45696 45637 45610 45579 45668 45659 45583 45577 45572 45572 45619 45598 45596 45627 45702 45577 45509 45572 45652 45682
45617 45650 45728 45683 45708 45833 45813 45847 45893 45949 45961 45957 45996 46058 46002 46075 46020 46073 46021 46016 46007 45957 45898 45829 45781 45797 45797 45814 45802 45876 45930 45931 45967 45889 45863 45857 45825 45844 45728 45700 45560 45383 45279 45102 45099 45101 45225 45359 45427 45469 45576 45726 45698 45750 45718 45697 45692 45730 45718 45718
45749 45809 45777 45799 45818 45767 45765 45808 45827 45805 45820 45884 45896 45907 45876 45920 45904 45837 45827 45768 45816 45741 45720 45727 45841 45817 45827 45777 45649 45695 45720 45801 45807 45796 45765 45778 45785 45794 45862 45888 45948 45943 45934 46009 46081 46084 46074 46044 46083 46045 46005 46031 46031 45973 45996 45981 46026 46021 45956 45925
45974 45976 46013 45946 45983 46050 46061 46225 46387 46550 46638 46717 46832 46903 46859 46820 46745 46649 46541 46541 46599 46573 46547 46554 46615 46650 46644 46682 46750 46732 46685 46718 46705 46670 46719 46743 46756 46763 46726 46761 46774 46821 46731 46689 46665 46710 46708 46729 46783 46783 46707 46743 46737 46787 46795 46865 46852 46881 46900 46784
46769 46824 46845 46906 46992 47031 46991 46989 46956 46937 46930 46898 46886 46892 46983 47044 47180 47171 47208 47302 47216 47148 47222 47267 47230 47264 47199 47179 47179 47252 47270 47243 47263 47225 47252 47318 47374 47339 47322 47457 47402 47473 47447 47403 47449 47428 47398 47274 47235 47133 47004 46939 46853 46835 46926 47037 47194 47342 47496 47430
47475 47398 47423 47456 47431 47462 47453 47414 47406 47350 47333 47345 47296 47250 47227 47207 47297 47334 47363 47393 47415 47428 47381 47386 47383 47410 47447 47495 47520 47442 47491 47597 47589 47638 47611 47619 47649 47744 47770 47698 47754 47743 47803 47744 47744 47804 47740 47713 47662 47700 47657 47680 47721 47708 47674 47686 47601 47713 47782 47818
47881 47852 47845 47797 47807 47742 47648 47580 47500 47487 47464 47547 47497 47443 47418 47471 47452 47426 47492 47568 47595 47544 47586 47636 47602 47571 47573 47798 47948 48107 48164 48230 48189 48125 48015 47958 47867 47730 47684 47687 47754 47756 47766 47715 47822 47862 47875 47866 47928 47921 47943 47864 47886 47898 47899 47867 47854 47803 47814 47809
47735 47689 47638 47702 47729 47587 47454 47343 47264 47194 47188 47225 47361 47448 47553 47698 47872 47838 47889 47870 47924 47916 47909 47951 47932 47920 47999 47981 47997 47983 47920 47972 48000 48060 48009 47979 47920 47921 47976 47961 47981 48063 48063 48041 48075 48073 48115 48132 48036 47950 48055 48010 47952 48008 48007 47898 47950 47932 47909 47925
47960 47973 47914 47954 47950 48008 48003 48020 48071 48099 48048 47930 47956 47957 47861 47907 47977 48007 48096 48108 48138 48153 48238 48269 48215 48198 48093 48077 48002 47958 48015 48069 48151 48198 48180 48148 48167 48128 48150 48077 48042 48075 47972 48055 48021 48049 48019 48053 48156 48103 48210 48203 48135 48114 48071 48101 48057 48057 48093 48081
48042 48034 47949 47999 48015 48022 48050 48001 47987 47986 47918 47917 47948 47967 48066 48042 48018 48022 48038 48052 47982 48026 48029 48081 48080 48046 48028 48000 47966 48038 48008 48002 47881 47955 47971 48066 48216 48369 48435 48431 48410 48393 48355 48247 48192 48095 47950 47952 47944 47940 47903 47832 47792 47709 47676 47613 47611 47610 47635 47575
47667 47642 47698 47687 47584 47596 47683 47604 47673 47585 47635 47606 47609 47631 47576 47543 47470 47492 47443 47427 47464 47567 47705 47709 47660 47627 47683 47594 47571 47591 47551 47503 47536 47473 47532 47607 47583 47556 47603 47654 47624 47668 47598 47580 47507 47579 47567 47424 47300 47157 47020 46978 46962 46936 47062 47114 47248 47370 47530 47628
47770 47776 47720 47691 47706 47696 47701 47646 47706 47704 47684 47725 47755 47711 47708 47714 47771 47732 47744 47682 47728 47779 47778 47716 47728 47693 47763 47734 47706 47766 47805 47849 47784 47776 47891 47899 47891 47885 47927 47929 47978 47909 47929 47954 47914 47878 47885 47896 47953 47998 47991 48049 47982 47974 47983 47969 47971 47996 47963 47898
47909 47923 47880 48025 48106 48114 48187 48293 48349 48371 48304 48244 48190 48089 47935 47939 47934 47941 48013 47995 47932 47939 47949 47935 47877 47953 47957 48057 47991 48053 48065 48025 47943 47931 47885 47822 47731 47666 47671 47665 47666 47593 47659 47628 47606 47550 47544 47553 47515 47588 47545 47616 47579 47580 47554 47495 47431 47416 47375 47443
47414 47424 47465 47503 47500 47516 47469 47474 47408 47419 47420 47531 47584 47604 47608 47592 47585 47637 47635 47702 47704 47736 47736 47707 47736 47886 47960 48041 48024 47960 47951 47950 48013 48101 48119 48083 48104 48136 48119 48056 47972 47859 47771 47777 47806 47817 47884 48003 48044 48183 48271 48310 48397 48495 48421 48431 48449 48502 48531 48616
48616 48613 48637 48663 48616 48601 48628 48678 48741 48719 48665 48651 48685 48664 48592 48635 48623 48586 48602 48590 48612 48581 48626 48538 48486 48497 48416 48369 48334 48392 48452 48505 48501 48490 48430 48377 48368 48400 48446 48466 48491 48460 48469 48378 48319 48266 48291 48215 48144 48174 48079 48153 48056 48076 48065 48045 48081 48060 48067 48046
48045 48038 48070 48161 48185 48243 48222 48235 48241 48243 48222 48161 48119 48047 48113 48142 48115 48159 48185 48182 48288 48384 48588 48600 48625 48551 48569 48547 48462 48314 48094 47935 47876 47815 47879 47851 47813 47817 47766 47734 47773 47793 47810 47845 47845 47908 47882 47819 47766 47815 47783 47873 47856 47904 47989 47989 48018 48067 48131 48169
48161 48050 48064 47944 47853 47838 47781 47688 47806 47793 47852 47855 47967 48040 48173 48152 48122 48132 48101 48182 48214 48211 48188 48193 48229 48159 48141 48191 48137 48154 48150 48205 48258 48246 48214 48202 48126 48087 48119 48269 48205 48216 48197 48277 48244 48307 48279 48245 48270 48212 48250 48259 48293 48293 48246 48231 48295 48350 48385 48423
48444 48403 48369 48346 48376 48384 48486 48535 48620 48599 48622 48552 48497 48590 48620 48666 48674 48653 48696 48688 48710 48743 48766 48733 48816 48850 48896 48957 49014 49073 49118 49176 49229 49246 49201 49185 49294 49254 49154 49147 49145 49183 49178 49196 49227 49166 49249 49260 49327 49404 49363 49333 49308 49335 49345 49290 49218 49218 49228 49260
49320 49367 49460 49533 49502 49511 49508 49477 49502 49546 49487 49474 49511 49495 49507 49532 49570 49500 49598 49728 49831 49882 49907 49990 49975 49878 49784 49713 49507 49411 49399 49403 49352 49438 49415 49458 49497 49519 49421 49397 49426 49442 49371 49343 49357 49390 49393 49405 49357 49383 49414 49459 49456 49454 49466 49500 49508 49511 49475 49486
49469 49456 49452 49533 49566 49609 49640 49448 49416 49368 49291 49357 49266 49272 49377 49457 49522 49636 49817 49864 49799 49854 49875 49820 49880 49837 49723 49722 49744 49757 49793 49788 49725 49779 49685 49723 49710 49682 49700 49794 49812 49781 49806 49803 49856 49875 49885 49914 49875 49942 50005 50061 50016 50021 49980 50075 50113 50077 50091 50077
50062 50015 50002 49980 50068 50163 50117 50084 50084 50056 49999 49957 49885 49909 49931 49947 50030 50012 50050 49991 49980 49971 49973 49903 49965 49988 49976 49980 49862 49849 49933 49983 50020 50060 50130 50083 50119 50049 50113 50208 50168 50168 50206 50318 50400 50292 50267 50266 50272 50302 50296 50244 50203 50133 50207 50169 50197 50124 50042 50041
50073 50093 50205 50241 50278 50312 50357 50381 50415 50471 50474 50645 50782 50898 51043 51049 51092 51008 50964 50898 50795 50768 50689 50771 50805 50752 50733 50763 50829 50885 50872 50841 50956 50890 50904 50832 50715 50583 50539 50538 50530 50550 50589 50517 50466 50454 50467 50516 50485 50462 50468 50511 50515 50537 50646 50648 50668 50707 50601 50590
50584 50580 50543 50561 50576 50613 50648 50659 50692 50779 50847 50972 51060 51085 51088 50987 51128 51110 51039 51072 50915 50784 50622 50497 50582 50557 50663 50644 50633 50711 50810 50839 50792 50767 50808 50807 50826 50811 50850 50886 50938 50914 51014 50982 51006 51014 51029 50974 50947 50917 50950 50857 50808 50875 50840 50905 50963 51018 50995 51051
51112 51112 51123 51165 51152 51144 51153 51167 51198 51173 51060 51056 50963 51044 51078 51069 51042 51010 51018 51002 51086 51184 51153 51242 51330 51334 51392 51375 51335 51398 51454 51457 51443 51439 51331 51395 51443 51419 51394 51480 51539 51568 51625 51667 51696 51687 51638 51697 51565 51579 51562 51562 51597 51438 51446 51393 51428 51498 51493 51420
51358 51376 51391 51367 51321 51243 51222 51170 51215 51305 51457 51577 51640 51660 51592 51627 51623 51526 51383 51274 51139 51188 51193 51153 51155 51159 51144 51159 51174 51136 51108 51101 51091 51105 51136 51173 51200 51176 51207 51247 51170 51109 51086 51162 51225 51154 51105 51058 51127 51085 51103 51047 51081 50998 51070 51120 51125 51191 51172 51171
51146 51144 51069 51034 51000 50968 50887 51005 50992 51019 51037 51115 51130 51135 51150 51228 51270 51286 51208 51234 51268 51309 51241 51187 51254 51165 51158 51189 51246 51173 51149 51147 51169 51141 51097 51073 51022 50965 50944 50944 50898 50970 51174 51274 51472 51569 51545 51599 51659 51619 51628 51638 51552 51483 51467 51551 51528 51586 51544 51513
51522 51557 51551 51509 51511 51514 51539 51545 51517 51437 51461 51395 51362 51444 51491 51491 51523 51550 51461 51432 51387 51343 51355 51424 51357 51342 51423 51519 51505 51532 51505 51472 51475 51434 51472 51460 51489 51468 51623 51724 51712 51771 51689 51746 51662 51635 51626 51682 51611 51696 51698 51731 51717 51717 51731 51764 51740 51712 51707 51672
51732 51835 51840 51882 51882 51798 51783 51775 51738 51780 51725 51764 51780 51802 51796 51815 51854 51857 51868 51881 51920 51860 51846 51808 51827 51815 51784 51876 51918 51994 51957 52008 51999 52101 52193 52281 52323 52389 52458 52374 52407 52528 52679 52826 52872 53019 53102 53142 53062 53018 52868 52738 52691 52732 52772 52675 52697 52755 52706 52752
52763 52824 52862 52911 52819 52824 52906 52924 52955 52992 53102 53125 53161 53142 53208 53154 53239 53209 53130 53214 53152 53064 52905 52911 52783 52776 52763 52913 53015 53063 53171 53304 53357 53315 53362 53391 53450 53437 53444 53499 53587 53552 53474 53476 53417 53393 53480 53426 53437 53505 53514 53446 53508 53493 53519 53521 53555 53594 53631 53624
53675 53720 53734 53755 53697 53744 53769 53814 53874 53818 53863 53843 53807 53835 53931 53963 53986 53999 54019 53977 53998 54024 54037 54142 54165 54249 54254 54309 54332 54355 54304 54299 54226 54274 54368 54341 54270 54272 54279 54384 54348 54348 54443 54407 54502 54499 54559 54460 54461 54431 54477 54467 54462 54457 54453 54479 54381 54308 54269 54250
54190 54182 54109 54027 54029 54061 54142 54138 54083 54104 54089 54043 53915 53944 53941 53904 53972 53998 54031 53989 53916 53906 53882 53909 53949 53931 53979 53965 53958 53914 53960 53914 53876 53896 53949 54026 53970 53968 54000 54084 54225 54349 54521 54578 54609 54493 54385 54256 54150 54115 53955 53939 53840 53779 53737 53786 53878 53847 53780 53810
53851 53862 53895 53933 53927 53939 53964 53947 54017 53947 53874 53889 53906 53933 53895 53838 53862 53845 53753 53829 53696 53530 53463 53329 53249 53275 53316 53323 53364 53536 53702 53764 53749 53712 53747 53821 53821 53875 53848 53845 53875 53951 53959 54016 54091 54018 53984 53994 54107 54111 54162 54180 54271 54177 54207 54199 54204 54233 54322 54321
54339 54388 54424 54399 54453 54375 54348 54381 54420 54400 54440 54424 54370 54325 54432 54423 54440 54390 54435 54408 54340 54397 54360 54436 54433 54550 54477 54398 54474 54465 54505 54551 54600 54590 54659 54635 54705 54645 54586 54514 54567 54577 54553 54579 54541 54540 54449 54513 54484 54412 54358 54315 54303 54385 54435 54422 54386 54430 54384 54371
54425 54464 54426 54376 54330 54286 54302 54299 54235 54234 54268 54329 54330 54386 54329 54324 54325 54302 54255 54207 54172 54189 54254 54309 54380 54345 54344 54330 54404 54475 54612 54687 54662 54662 54690 54696 54756 54901 55008 55121 55185 55216 55304 55236 55204 55118 55043 54923 54840 54917 54894 54830 54922 54933 54937 55026 55035 54963 54857 54807
54795 54848 54821 54704 54564 54467 54382 54294 54204 54259 54264 54329 54530 54686 54818 54761 54816 54639 54584 54558 54580 54563 54582 54597 54641 54705 54751 54870 54896 54852 54863 54881 54908 54920 54862 54877 54807 54696 54628 54689 54722 54762 54747 54758 54810 54739 54680 54624 54714 54697 54717 54672 54689 54689 54661 54750 54758 54764 54761 54685
54787 54815 54905 54977 55006 55005 55000 55008 55043 55032 55070 55091 55134 55134 55126 55138 55103 55052 55033 55026 54997 55006 54941 54963 55032 55049 55079 55138 55184 55218 55195 55292 55227 55224 55214 55172 55117 55084 55046 55034 55029 55032 55078 55045 55041 55130 55135 55109 55055 55051 54991 54924 54861 54795 54775 54746 54783 54837 54835 54956
54991 55054 55032 55081 55029 55065 55166 55143 55114 55115 55101 55028 54997 55006 55034 55026 55021 55037 55060 55059 55041 55230 55348 55474 55581 55641 55760 55735 55808 55810 55714 55585 55484 55506 55516 55519 55487 55546 55506 55461 55458 55474 55476 55477 55444 55512 55529 55624 55503 55451 55519 55455 55381 55334 55351 55378 55327 55403 55373 55438
